DateTime,Base,Com AC,Res AC
2045-01-01 00:00:00,2715.4107413727024,213.76983060876069,2384.8780732749005
2045-01-01 01:00:00,2695.311989075661,184.7076394282427,1192.4390366374498
2045-01-01 02:00:00,2680.0646597468717,169.97670558821596,0.0
2045-01-01 03:00:00,2723.5294491971235,179.51184493427974,0.0
2045-01-01 04:00:00,2772.736739303673,197.9826088771041,0.0
2045-01-01 05:00:00,2883.329381253404,250.31168199487368,0.0
2045-01-01 06:00:00,2993.2289627790983,369.8149553560212,0.0
2045-01-01 07:00:00,3086.4950941279308,513.0732869502815,0.0
2045-01-01 08:00:00,3061.643927494644,680.2836601952832,0.0
2045-01-01 09:00:00,3026.000819972797,850.3488655798244,0.0
2045-01-01 10:00:00,3004.9119813557036,990.8922518093829,0.0
2045-01-01 11:00:00,2943.8236554085383,1055.3572163523368,0.0
2045-01-01 12:00:00,3011.644568332053,1112.042763315044,0.0
2045-01-01 13:00:00,2988.476548442852,1044.740095625387,0.0
2045-01-01 14:00:00,2914.1210658069995,981.913804730529,0.0
2045-01-01 15:00:00,2896.893563838107,919.1189169892058,476.97561465498
2045-01-01 16:00:00,2925.9030930156096,896.7027750295364,1669.41465129243
2045-01-01 17:00:00,2917.586367927179,872.0084770225151,3338.8293025848593
2045-01-01 18:00:00,3016.3969826682987,842.7864152421829,4769.7561465498
2045-01-01 19:00:00,3118.0788477375677,764.1072414764583,6319.926894178482
2045-01-01 20:00:00,3036.000691805315,651.1472433791369,7393.122027152186
2045-01-01 21:00:00,3007.585214419842,534.4017378647852,8108.5854491346545
2045-01-01 22:00:00,2899.46778827024,394.28086679187953,7035.3903161609505
2045-01-01 23:00:00,2823.924202050325,306.6660684293946,4889.000050213546
2045-01-02 00:00:00,2740.866380207713,663.6694244345983,3510.84000867689
2045-01-02 01:00:00,2709.2090178718954,572.6698343229987,1579.8780039045994
2045-01-02 02:00:00,2686.567992910203,522.2888351999098,0.0
2045-01-02 03:00:00,2705.0013937639706,568.8346025558432,0.0
2045-01-02 04:00:00,2760.802503957168,618.0824650204543,0.0
2045-01-02 05:00:00,2898.552102728527,797.8153719266978,0.0
2045-01-02 06:00:00,3012.458498221644,1239.8258330913748,0.0
2045-01-02 07:00:00,3059.243271040716,1618.031983947919,0.0
2045-01-02 08:00:00,3074.671226103108,2077.91985500904,0.0
2045-01-02 09:00:00,3146.2008359378365,2612.9085372197364,0.0
2045-01-02 10:00:00,3157.5213484186816,2999.7178102448775,0.0
2045-01-02 11:00:00,3107.0298591235805,3148.6555493480305,0.0
2045-01-02 12:00:00,3179.5612842220994,3369.181375959474,0.0
2045-01-02 13:00:00,3125.3630784509687,3128.450851083787,0.0
2045-01-02 14:00:00,3042.6131376617736,2968.138163216686,0.0
2045-01-02 15:00:00,3125.3630784509687,2862.120154162337,1755.4200043384442
2045-01-02 16:00:00,2987.8138427323684,2777.326666364861,4564.092011279955
2045-01-02 17:00:00,2979.899502148413,2682.666173202796,6846.138016919935
2045-01-02 18:00:00,3035.1997047097148,2499.716901473641,7548.306018655312
2045-01-02 19:00:00,3073.669410839316,2242.120073258305,8952.64202212607
2045-01-02 20:00:00,3066.155796360879,1947.025138083189,9128.184022559914
2045-01-02 21:00:00,2886.730682615785,1609.263249498467,10356.978025596827
2045-01-02 22:00:00,2812.49617156882,1227.5356585648078,9479.268023427603
2045-01-02 23:00:00,2695.884874863466,970.923787598764,6319.512015618402
2045-01-03 00:00:00,2584.749617629298,681.9356214548983,3221.969283688915
2045-01-03 01:00:00,2602.047838711753,564.1483172407134,1610.984641844457
2045-01-03 02:00:00,2632.789248749717,510.5849956775299,0.0
2045-01-03 03:00:00,2596.018173077298,560.8547796688673,0.0
2045-01-03 04:00:00,2693.9755278928023,619.9651118793707,0.0
2045-01-03 05:00:00,2791.636341775465,753.9600878286941,0.0
2045-01-03 06:00:00,2953.547691107248,1173.7994561977243,0.0
2045-01-03 07:00:00,3098.2596663341888,1567.6112105450334,0.0
2045-01-03 08:00:00,3078.786811744225,1899.7904762781347,0.0
2045-01-03 09:00:00,3072.757146109769,2373.132495781394,0.0
2045-01-03 10:00:00,3074.0421568187517,2897.047651420763,0.0
2045-01-03 11:00:00,3142.839653238117,3188.5170593250177,0.0
2045-01-03 12:00:00,3118.819837677908,3277.8846011758237,0.0
2045-01-03 13:00:00,3103.1031682372773,3167.672433376887,0.0
2045-01-03 14:00:00,3032.3287322656306,3030.9819569411297,0.0
2045-01-03 15:00:00,2966.4966451746864,2960.4569168829394,1252.9880547679109
2045-01-03 16:00:00,3098.2596663341888,2808.9715229862863,4474.957338456826
2045-01-03 17:00:00,3020.170554019105,2677.94939805576,6801.935154454378
2045-01-03 18:00:00,3083.333772714471,2370.350323253595,7875.924915684012
2045-01-03 19:00:00,3241.291242941692,2167.650420114733,9307.911263990194
2045-01-03 20:00:00,3181.192280552361,2075.0500111210363,10739.897612296376
2045-01-03 21:00:00,3098.655054244645,1799.6409324815995,10023.904438143289
2045-01-03 22:00:00,2933.9759895396696,1390.132871443203,9844.906144605018
2045-01-03 23:00:00,2788.9674733798865,948.5388206917144,6264.940273839557
2045-01-04 00:00:00,2987.220348040999,685.7570528690924,1510.927999849481
2045-01-04 01:00:00,2807.8718316837376,586.328306187721,839.4044443608228
2045-01-04 02:00:00,2860.502080829053,521.5059284811649,0.0
2045-01-04 03:00:00,2919.0038587836834,568.9390362053514,0.0
2045-01-04 04:00:00,2899.5744361783136,617.0608278892357,0.0
2045-01-04 05:00:00,3039.7438421170536,778.6433019333344,0.0
2045-01-04 06:00:00,3146.2854012388075,1257.7090813981229,0.0
2045-01-04 07:00:00,3185.571266726589,1573.2382460831695,0.0
2045-01-04 08:00:00,3292.0060707790826,1943.0787495398852,0.0
2045-01-04 09:00:00,3436.659189626754,2528.7700230648866,0.0
2045-01-04 10:00:00,3329.79736529722,2852.873303048172,0.0
2045-01-04 11:00:00,3328.409549396836,3012.527462005115,0.0
2045-01-04 12:00:00,3318.4813279556306,3299.9411040354985,0.0
2045-01-04 13:00:00,3266.278099087356,3089.806410832705,0.0
2045-01-04 14:00:00,3298.1978647961787,2911.953778240746,0.0
2045-01-04 15:00:00,3171.799862792013,2938.0635088627887,1678.808888721646
2045-01-04 16:00:00,3185.4645116573283,2782.4811938175576,5204.307555037101
2045-01-04 17:00:00,3202.3318126004524,2666.1108217276196,8226.163554736064
2045-01-04 18:00:00,3298.0911097269177,2446.1968162971184,9737.091554585537
2045-01-04 19:00:00,3407.5150557186994,2137.4770142635844,11248.019554435024
2045-01-04 20:00:00,3373.993963970973,1971.202880744044,10408.6151100742
2045-01-04 21:00:00,3152.0501749788623,1622.9526194238554,8058.282665863896
2045-01-04 22:00:00,3053.9422663286705,1318.1410988616049,6379.473777142252
2045-01-04 23:00:00,3017.005012364616,1048.176986660064,3693.379555187621
2045-01-05 00:00:00,2685.895979744641,644.5472250069297,5137.259139359521
2045-01-05 01:00:00,2695.788963003975,535.7147144673253,3082.3554836157123
2045-01-05 02:00:00,2732.4223861623027,462.6523297694091,0.0
2045-01-05 03:00:00,2683.1533705242314,480.0046461351642,0.0
2045-01-05 04:00:00,2796.1880505368235,540.2811135109451,0.0
2045-01-05 05:00:00,2867.0061386209704,654.6694095536204,0.0
2045-01-05 06:00:00,2982.0977755488707,980.558087966617,0.0
2045-01-05 07:00:00,3036.2643076519594,1345.8776221212709,0.0
2045-01-05 08:00:00,3055.364621865525,1699.522396054404,0.0
2045-01-05 09:00:00,3078.8727008976066,2080.824326861728,0.0
2045-01-05 10:00:00,3090.2349390964464,2379.8625788982404,0.0
2045-01-05 11:00:00,3020.1025033174037,2689.4644340556606,0.0
2045-01-05 12:00:00,2990.717404527301,2892.5017568651415,0.0
2045-01-05 13:00:00,2935.277518143308,2746.2019421726345,0.0
2045-01-05 14:00:00,2893.452727532063,2607.489960557613,0.0
2045-01-05 15:00:00,2890.12241633585,2599.9021274801316,2397.387598367776
2045-01-05 16:00:00,2981.5100735730684,2500.849321558946,6507.194909855393
2045-01-05 17:00:00,2984.2526827934776,2430.534386952273,11986.937991838882
2045-01-05 18:00:00,3066.1391580885634,2233.2659482679005,17124.197131198394
2045-01-05 19:00:00,3100.5197236729828,1880.458347492764,21918.972327933938
2045-01-05 20:00:00,3041.7495260927776,1724.7898040957664,20549.03655743807
2045-01-05 21:00:00,3002.961195689843,1519.6976017166585,20206.552614814103
2045-01-05 22:00:00,2838.8943941117723,1304.1635668578049,16781.713188574427
2045-01-05 23:00:00,2757.2038194752886,990.3758459104,10959.486163966976
2045-01-06 00:00:00,2528.6897101706877,755.8115043003381,2745.9545680640294
2045-01-06 01:00:00,2570.7220876275524,644.2550464603755,1144.1477366933457
2045-01-06 02:00:00,2555.404431634596,574.5676226702385,0.0
2045-01-06 03:00:00,2560.692670013116,600.2171210070682,0.0
2045-01-06 04:00:00,2619.227998271917,662.171975445661,0.0
2045-01-06 05:00:00,2700.7398105201537,831.1569056647755,0.0
2045-01-06 06:00:00,2849.266367737578,1250.4130439204584,0.0
2045-01-06 07:00:00,2937.1605366495473,1691.678714940171,0.0
2045-01-06 08:00:00,2933.9693583176813,2164.421601198244,0.0
2045-01-06 09:00:00,2996.516453622256,2720.091578770317,0.0
2045-01-06 10:00:00,3084.9576816768304,3134.3969866484867,0.0
2045-01-06 11:00:00,3066.266494304472,3329.238874382156,0.0
2045-01-06 12:00:00,3001.531162429474,3635.2883113387056,0.0
2045-01-06 13:00:00,2964.6958468273633,3413.420150725127,0.0
2045-01-06 14:00:00,2856.3781365914506,3226.065653314784,0.0
2045-01-06 15:00:00,2816.1692896099385,3116.1028591582494,2059.4659260480216
2045-01-06 16:00:00,2851.728133879303,3067.463111944511,5491.909136128059
2045-01-06 17:00:00,2925.307588559758,2911.9064485017384,8695.522798869426
2045-01-06 18:00:00,2971.7164391574684,2791.6555651225995,11899.136461610797
2045-01-06 19:00:00,2958.2223136398634,2427.2912393002566,15560.40921902951
2045-01-06 20:00:00,2905.704635949724,2118.214784341457,14873.920577013509
2045-01-06 21:00:00,2836.684007457649,1816.6822994817228,12814.454650965476
2045-01-06 22:00:00,2713.1398177525475,1412.3255021716986,10526.159177578784
2045-01-06 23:00:00,2701.925105329133,1173.0873504050162,5491.909136128059
2045-01-07 00:00:00,2549.157424271326,702.6822278080197,1913.8473110211312
2045-01-07 01:00:00,2615.4126209486985,621.1380491025786,956.9236555105656
2045-01-07 02:00:00,2611.987182208916,570.8092509380895,0.0
2045-01-07 03:00:00,2544.019266161652,619.8894338809404,0.0
2045-01-07 04:00:00,2603.603871608922,704.5071269781062,0.0
2045-01-07 05:00:00,2711.415048787341,912.3535377184768,0.0
2045-01-07 06:00:00,2826.708105318443,1407.9577333840566,0.0
2045-01-07 07:00:00,2996.988467935527,1962.0259356197196,0.0
2045-01-07 08:00:00,2979.4105586129585,2550.431056450431,0.0
2045-01-07 09:00:00,2973.911828004361,3053.2291967391407,0.0
2045-01-07 10:00:00,3040.9783128043127,3391.613526535536,0.0
2045-01-07 11:00:00,2998.3406148064937,3582.1714188224546,0.0
2045-01-07 12:00:00,2895.3971663635557,3705.6786737074126,0.0
2045-01-07 13:00:00,2919.5555237914955,3387.579538896398,0.0
2045-01-07 14:00:00,2878.179829539912,3144.4357363135673,0.0
2045-01-07 15:00:00,2973.1005398817797,3031.071078921304,478.4618277552828
2045-01-07 16:00:00,2987.793869212953,3009.325964599852,1435.3854832658487
2045-01-07 17:00:00,2961.5622199161967,3040.0803179820464,2775.07860098064
2045-01-07 18:00:00,3094.7937582687914,2841.867453913237,4210.464084246488
2045-01-07 19:00:00,3019.6143922430383,2408.425086820285,5454.464836410224
2045-01-07 20:00:00,3051.1644858989303,1954.140450258452,5741.541933063392
2045-01-07 21:00:00,2950.3844724495384,1561.4605677857476,6124.311395267619
2045-01-07 22:00:00,2811.7443466130767,1240.6432936845524,5550.15720196128
2045-01-07 23:00:00,2747.742728053982,981.2194695580544,3540.6175253890933
2045-01-08 00:00:00,2628.372223958071,356.4486825763897,2710.487680017087
2045-01-08 01:00:00,2569.452191957953,304.4006689185297,1913.285421188532
2045-01-08 02:00:00,2499.669322199701,269.5088926393308,0.0
2045-01-08 03:00:00,2548.7693488664663,288.1356646504486,0.0
2045-01-08 04:00:00,2567.8879433207817,337.42085566551106,0.0
2045-01-08 05:00:00,2696.938455887412,412.2844369542139,0.0
2045-01-08 06:00:00,2862.227395215177,652.7836918441724,0.0
2045-01-08 07:00:00,2935.312567651901,920.8086813543872,0.0
2045-01-08 08:00:00,2965.120194460221,1098.9260746693128,0.0
2045-01-08 09:00:00,2890.55767608839,1316.8949565238129,0.0
2045-01-08 10:00:00,2833.4626008316386,1488.8672975412908,0.0
2045-01-08 11:00:00,2924.710437999963,1598.943499029001,0.0
2045-01-08 12:00:00,2925.4056596164837,1670.9729590260606,0.0
2045-01-08 13:00:00,2885.5173193686155,1574.1048322371432,0.0
2045-01-08 14:00:00,2830.073395451101,1453.899766447693,0.0
2045-01-08 15:00:00,2896.9884760412056,1474.5719184475925,1753.8449694228211
2045-01-08 16:00:00,2945.8277946017747,1469.5542760350272,4304.892197674197
2045-01-08 17:00:00,2917.410611026497,1428.9987133380932,6855.939425925568
2045-01-08 18:00:00,3003.357383368852,1304.6761505777647,7334.260781222701
2045-01-08 19:00:00,3031.9483723482613,1033.8348644381172,8609.784395348384
2045-01-08 20:00:00,2856.4918168788818,921.2409294130184,7493.701232988412
2045-01-08 21:00:00,2896.7277679350104,795.99594038324,8928.665298879807
2045-01-08 22:00:00,2781.060271486401,668.7367645235506,7493.701232988412
2045-01-08 23:00:00,2781.4078822946612,534.2496881370588,6218.177618862727
2045-01-09 00:00:00,2622.260632668285,666.4984103342011,4019.744122560367
2045-01-09 01:00:00,2589.212594859452,580.0604923407914,1256.170038300114
2045-01-09 02:00:00,2485.684558050146,531.0400289626349,0.0
2045-01-09 03:00:00,2569.5692458557323,545.251466052082,0.0
2045-01-09 04:00:00,2588.5381451082512,630.610034393129,0.0
2045-01-09 05:00:00,2721.5733585325875,747.0898510439775,0.0
2045-01-09 06:00:00,2852.922447578922,1099.497512540522,0.0
2045-01-09 07:00:00,2897.183212501467,1628.7566145767582,0.0
2045-01-09 08:00:00,2875.0106769307445,2134.971601535041,0.0
2045-01-09 09:00:00,2832.267423948401,2707.890397009362,0.0
2045-01-09 10:00:00,2769.880821962337,3107.888383594682,0.0
2045-01-09 11:00:00,2799.135079920667,3398.9709956761326,0.0
2045-01-09 12:00:00,2820.717471959089,3495.015125575575,0.0
2045-01-09 13:00:00,2807.987232905176,3360.7260396607344,0.0
2045-01-09 14:00:00,2753.7783341524205,3035.104238703666,0.0
2045-01-09 15:00:00,2839.8549836494085,2906.517716785478,1507.404045960137
2045-01-09 16:00:00,2766.761491863033,2770.006969502858,5527.148168520501
2045-01-09 17:00:00,2731.015655049397,2769.422321774494,9546.892291080872
2045-01-09 18:00:00,2976.431058267548,2740.954474693419,12310.466375341126
2045-01-09 19:00:00,2972.300053541444,2393.610761982545,14571.572444281332
2045-01-09 20:00:00,2926.1002455841967,2101.871545529241,16330.21049790149
2045-01-09 21:00:00,2880.659193597051,1635.3946149387912,15074.040459601376
2045-01-09 22:00:00,2788.512496339256,1262.0295810255298,12812.934390661172
2045-01-09 23:00:00,2717.442353806483,934.8067447507892,7285.786222140664
2045-01-10 00:00:00,2888.4507992873755,600.2753878959339,4215.629868213009
2045-01-10 01:00:00,2835.210013459577,506.27556290864385,887.5010248869486
2045-01-10 02:00:00,2740.058228407473,463.3816648228406,0.0
2045-01-10 03:00:00,2654.209764062304,516.4808026019206,0.0
2045-01-10 04:00:00,2800.667981131853,582.5756753029075,0.0
2045-01-10 05:00:00,2881.634504908038,706.4736634540941,0.0
2045-01-10 06:00:00,3089.255147219211,1125.2074046188498,0.0
2045-01-10 07:00:00,3169.853222650566,1522.7094635154835,0.0
2045-01-10 08:00:00,3200.158099012756,1854.7146129744085,0.0
2045-01-10 09:00:00,3179.3407675299145,2305.4593208333094,0.0
2045-01-10 10:00:00,3167.6425325815917,2730.45971699722,0.0
2045-01-10 11:00:00,3168.8399897022864,3010.1630130281014,0.0
2045-01-10 12:00:00,3173.44559401265,3017.8727527026304,0.0
2045-01-10 13:00:00,3138.07455290906,2902.1389563060648,0.0
2045-01-10 14:00:00,3097.913683322693,2717.8387057202995,0.0
2045-01-10 15:00:00,3080.9650594605573,2692.0864211817966,1996.8773059956347
2045-01-10 16:00:00,3042.922767856957,2519.450440651704,5103.130893099955
2045-01-10 17:00:00,3040.988414046604,2490.413344586928,8653.134992647754
2045-01-10 18:00:00,3124.810412495214,2193.0900643981217,10428.137042421657
2045-01-10 19:00:00,3203.289909943803,1966.230775153988,12203.139092195555
2045-01-10 20:00:00,3102.3350634606427,1865.9642951675453,12646.889604639027
2045-01-10 21:00:00,2994.8402588567656,1531.694858151674,14421.89165441293
2045-01-10 22:00:00,2915.255416373689,1214.9018941105387,11315.6380673086
2045-01-10 23:00:00,2802.786559114621,788.2750378705142,6656.25768665212
2045-01-11 00:00:00,2712.7696719010746,748.8307742068696,1731.4178945362214
2045-01-11 01:00:00,2771.1801311296467,611.2348223665527,1082.1361840851382
2045-01-11 02:00:00,2746.397144485347,545.1161075548366,0.0
2045-01-11 03:00:00,2760.6773040759276,586.803593953982,0.0
2045-01-11 04:00:00,2839.632767102561,636.3018076523135,0.0
2045-01-11 05:00:00,2944.384647454116,789.7008589119133,0.0
2045-01-11 06:00:00,3099.439541589267,1185.1416340358326,0.0
2045-01-11 07:00:00,3161.258813107203,1573.9251264733523,0.0
2045-01-11 08:00:00,3150.6638559916096,1934.7625632136671,0.0
2045-01-11 09:00:00,3115.193782169844,2377.767034693211,0.0
2045-01-11 10:00:00,3089.305234783048,2954.752726076937,0.0
2045-01-11 11:00:00,3102.295573507383,3241.061292797342,0.0
2045-01-11 12:00:00,3057.6124934981444,3439.871549284768,0.0
2045-01-11 13:00:00,3025.2748417801185,3299.2693756583717,0.0
2045-01-11 14:00:00,3066.733369623741,3237.1014357014756,0.0
2045-01-11 15:00:00,2926.9720657597936,3101.4854124090925,1731.4178945362214
2045-01-11 16:00:00,2997.175172908329,3023.169247873182,5843.535394059746
2045-01-11 17:00:00,2954.8874745078333,2800.26380589187,9955.652893583268
2045-01-11 18:00:00,3046.3726259494288,2503.5106619690655,12552.779735387596
2045-01-11 19:00:00,3163.377804530321,2300.0502980663077,14933.479340374904
2045-01-11 20:00:00,3121.9192766866972,2151.8008774795444,14284.197629923814
2045-01-11 21:00:00,3034.211457781966,1982.417081979749,11037.789077668403
2045-01-11 22:00:00,2868.6537365930976,1511.557377213455,8224.234999047048
2045-01-11 23:00:00,2764.5467666746667,1107.9425851485264,4977.826446791634
2045-01-12 00:00:00,2359.6527872695033,1255.5279701604327,2011.071399125417
2045-01-12 01:00:00,2321.4746465411936,1032.38640819101,946.3865407649026
2045-01-12 02:00:00,2351.1236281706256,877.5855164155477,0.0
2045-01-12 03:00:00,2342.513238985092,910.9711465311774,0.0
2045-01-12 04:00:00,2419.031980615023,1013.268141372658,0.0
2045-01-12 05:00:00,2494.7384213783953,1233.984251581543,0.0
2045-01-12 06:00:00,2588.884091812673,1863.745667523378,0.0
2045-01-12 07:00:00,2687.0100364930945,2481.864915014636,0.0
2045-01-12 08:00:00,2766.8592116759205,3083.3056148113756,0.0
2045-01-12 09:00:00,2705.2055759040336,3780.3804507897657,0.0
2045-01-12 10:00:00,2706.992637810465,4324.352211225071,0.0
2045-01-12 11:00:00,2754.999619024148,4900.825025251575,0.0
2045-01-12 12:00:00,2681.486390600488,5392.963454827869,0.0
2045-01-12 13:00:00,2703.743434344226,5109.085727301934,0.0
2045-01-12 14:00:00,2672.7135412416424,4916.547659605176,0.0
2045-01-12 15:00:00,2623.48810872812,4963.102066044191,1182.9831759561278
2045-01-12 16:00:00,2687.7411072729983,4785.573264536165,3194.0545750815463
2045-01-12 17:00:00,2581.817074273603,4577.298295122504,4850.231021420123
2045-01-12 18:00:00,2667.6772758689717,4146.081506825583,5323.424291802576
2045-01-12 19:00:00,2687.6598771863423,3459.350509237718,6388.109150163093
2045-01-12 20:00:00,2693.508443425573,3231.044161754685,6506.407467758702
2045-01-12 21:00:00,2473.456138674529,2942.272728617784,6861.3024205455395
2045-01-12 22:00:00,2520.975739368276,2568.696088041865,5914.915879780638
2045-01-12 23:00:00,2447.38128085796,1993.8640207945496,4022.142798250834
2045-01-13 00:00:00,2472.2827626933827,651.3852711901641,1726.402819468274
2045-01-13 01:00:00,2549.2343115559065,535.1896220513546,920.7481703830792
2045-01-13 02:00:00,2678.419092295805,477.5328437692266,0.0
2045-01-13 03:00:00,2629.072671161221,498.62287532444185,0.0
2045-01-13 04:00:00,2706.2046456951684,524.1233697524208,0.0
2045-01-13 05:00:00,2764.4821375652623,660.7675285740434,0.0
2045-01-13 06:00:00,2924.5197081187403,915.6120923857316,0.0
2045-01-13 07:00:00,3060.560664372768,1217.111334367854,0.0
2045-01-13 08:00:00,3021.4082936736645,1701.6848806866935,0.0
2045-01-13 09:00:00,3064.71045481553,2118.481641186261,0.0
2045-01-13 10:00:00,3020.145313973693,2575.084833868373,0.0
2045-01-13 11:00:00,2987.578480281582,2927.40062716814,0.0
2045-01-13 12:00:00,3048.291718715906,3126.9219485085614,0.0
2045-01-13 13:00:00,3053.8849145300633,2968.987282546597,0.0
2045-01-13 14:00:00,2932.187799154279,2924.3213221806077,0.0
2045-01-13 15:00:00,3071.476417493946,2703.4373224892,920.7481703830792
2045-01-13 16:00:00,3115.1394299786607,2554.2674491089283,2992.431553745009
2045-01-13 17:00:00,3029.166597544915,2462.9387915491016,5294.301979702707
2045-01-13 18:00:00,3114.5079401286757,2291.1953672836844,6445.237192681558
2045-01-13 19:00:00,3213.9224850835412,2215.046721029569,6905.611277873096
2045-01-13 20:00:00,3147.1649866564985,1984.130923058476,6330.143671383668
2045-01-13 21:00:00,2980.3614534246044,1743.7526774694527,5984.863107490012
2045-01-13 22:00:00,2884.465209062515,1345.1911761929114,5064.114937106939
2045-01-13 23:00:00,2801.74003871441,943.1975328990172,3337.7121176386636
2045-01-14 00:00:00,2608.5931216677395,767.4928051607637,3213.318606066127
2045-01-14 01:00:00,2670.734460576792,624.9064641071998,1606.6593030330637
2045-01-14 02:00:00,2554.779080335837,552.1583309166058,0.0
2045-01-14 03:00:00,2626.5908293344824,565.1620597244249,0.0
2045-01-14 04:00:00,2734.9352386715905,615.5401419589109,0.0
2045-01-14 05:00:00,2804.329385147837,712.84077010133,0.0
2045-01-14 06:00:00,3014.034018757347,1045.5725442818075,0.0
2045-01-14 07:00:00,2991.4697285482957,1413.5689760264263,0.0
2045-01-14 08:00:00,3025.047541359384,1707.35321839999,0.0
2045-01-14 09:00:00,3044.746524875221,2288.656270176078,0.0
2045-01-14 10:00:00,3037.4937173080266,2895.357513952332,0.0
2045-01-14 11:00:00,3084.6817369118744,3177.347465232371,0.0
2045-01-14 12:00:00,3046.4478007243165,3468.867421960379,0.0
2045-01-14 13:00:00,3047.16412739762,3441.6869006970414,0.0
2045-01-14 14:00:00,2958.9664057471637,3286.5333196348024,0.0
2045-01-14 15:00:00,2989.4998301967125,3168.45400594982,1071.1062020220422
2045-01-14 16:00:00,2954.757986541508,3027.2135053602833,3034.80090572912
2045-01-14 17:00:00,2961.384008269562,2718.006658750313,5712.566410784229
2045-01-14 18:00:00,2984.1273801469392,2602.0279474112103,8747.367316513351
2045-01-14 19:00:00,3061.6697425320094,2398.042181944785,11068.097420894444
2045-01-14 20:00:00,3067.489896752597,2350.2739389885123,10711.062020220432
2045-01-14 21:00:00,2929.5970121417326,2105.312787502485,10711.06202022043
2045-01-14 22:00:00,2886.438330075216,1569.8137790865244,9639.955818198385
2045-01-14 23:00:00,2828.5949512059833,1200.7988734772375,5712.566410784228
2045-01-15 00:00:00,2506.9459952911693,209.16250193826045,1455.7922059717196
2045-01-15 01:00:00,2507.951723826323,174.5765764209102,388.2112549257918
2045-01-15 02:00:00,2522.2833554522517,152.86679633426195,0.0
2045-01-15 03:00:00,2543.236033267937,156.98416841966073,0.0
2045-01-15 04:00:00,2568.5468680692857,173.32888791018345,0.0
2045-01-15 05:00:00,2617.6599448692536,214.6523313854589,0.0
2045-01-15 06:00:00,2768.100171585877,313.2696312733144,0.0
2045-01-15 07:00:00,2773.8831106630064,430.2304476458772,0.0
2045-01-15 08:00:00,2899.4315561345948,552.0822029804892,0.0
2045-01-15 09:00:00,2865.9910823407613,682.0040076024837,0.0
2045-01-15 10:00:00,2824.085726709389,798.1363588039238,0.0
2045-01-15 11:00:00,2866.5777573196,872.506080174312,0.0
2045-01-15 12:00:00,2841.8535974970905,956.9870692356324,0.0
2045-01-15 13:00:00,2836.7411441100635,904.9983843706632,0.0
2045-01-15 14:00:00,2716.640394870553,867.5427752786404,0.0
2045-01-15 15:00:00,2769.1897108322923,836.4703406074977,970.5281373144792
2045-01-15 16:00:00,2829.5334229414675,825.1313474220115,2814.5315982119905
2045-01-15 17:00:00,2742.705526073266,778.110958206757,4464.429431646606
2045-01-15 18:00:00,2730.9720264964817,738.6241122192708,5240.851941498192
2045-01-15 19:00:00,2754.019972093736,640.2763130497325,5823.168823886878
2045-01-15 20:00:00,2711.863184328576,567.4936514649886,5629.063196423981
2045-01-15 21:00:00,2615.3132449538957,509.2864870625564,5240.851941498188
2045-01-15 22:00:00,2513.3156093471384,406.0976564713971,4367.376617915158
2045-01-15 23:00:00,2431.013490887125,329.4895819127642,2329.2675295547506
2045-01-16 00:00:00,2300.062883157593,888.3249847777333,2920.8336084015236
2045-01-16 01:00:00,2314.723982287479,733.2661075064941,1877.6787482581228
2045-01-16 02:00:00,2320.160120167099,637.4288958871042,0.0
2045-01-16 03:00:00,2374.1096703360604,644.9642691152069,0.0
2045-01-16 04:00:00,2396.3484162072345,744.6222333572969,0.0
2045-01-16 05:00:00,2565.115787651815,863.4900927301835,0.0
2045-01-16 06:00:00,2658.2714231344016,1237.9238497547772,0.0
2045-01-16 07:00:00,2708.596881383616,1828.3574883826725,0.0
2045-01-16 08:00:00,2733.5536961946004,2327.602497748796,0.0
2045-01-16 09:00:00,2740.637148583197,2835.2319364814,0.0
2045-01-16 10:00:00,2678.8628544966004,3333.9887385679535,0.0
2045-01-16 11:00:00,2666.2608985029347,3863.8209953191376,0.0
2045-01-16 12:00:00,2618.406412017185,4034.980099614364,0.0
2045-01-16 13:00:00,2605.06316449448,3918.754927472179,0.0
2045-01-16 14:00:00,2531.510571668707,3674.895391328356,0.0
2045-01-16 15:00:00,2549.466299816544,3601.430808955221,2503.571664344164
2045-01-16 16:00:00,2561.985890084761,3448.356600407441,6050.298188831728
2045-01-16 17:00:00,2580.600544036188,3373.2363585644684,8345.238881147208
2045-01-16 18:00:00,2678.945220222049,3160.4947298921925,9805.65568534797
2045-01-16 19:00:00,2691.629541941164,2688.387677348965,12935.12026577818
2045-01-16 20:00:00,2629.361053501875,2493.9538216604583,11683.3344336061
2045-01-16 21:00:00,2504.247516545156,2184.3667272044668,10848.810545491377
2045-01-16 22:00:00,2376.0864477468313,1835.447107138126,10014.286657376651
2045-01-16 23:00:00,2354.6713591301445,1321.6620114022835,6258.929160860406
2045-01-17 00:00:00,2708.440815194057,533.0638229827613,5033.033745831932
2045-01-17 01:00:00,2665.454239987296,432.874557901604,2516.516872915965
2045-01-17 02:00:00,2613.965875461863,377.36512567319255,0.0
2045-01-17 03:00:00,2649.979072912861,384.9149035236565,0.0
2045-01-17 04:00:00,2685.1325388597243,424.5202955260906,0.0
2045-01-17 05:00:00,2763.8457343494397,509.3005877813009,0.0
2045-01-17 06:00:00,2862.4282801569484,723.7885388444829,0.0
2045-01-17 07:00:00,3018.517311018835,1012.9574072022544,0.0
2045-01-17 08:00:00,3049.658696613067,1269.6498541180308,0.0
2045-01-17 09:00:00,3096.3707750044155,1563.831279901111,0.0
2045-01-17 10:00:00,3086.5316255682005,1935.076134841429,0.0
2045-01-17 11:00:00,3077.45668191344,2170.053687923371,0.0
2045-01-17 12:00:00,3092.263168929103,2351.8733789270455,0.0
2045-01-17 13:00:00,3029.3117176818664,2278.6281570925444,0.0
2045-01-17 14:00:00,2975.4352100893907,2214.63450729611,0.0
2045-01-17 15:00:00,2984.032525130744,2116.697798885092,3460.210700259453
2045-01-17 16:00:00,2962.8258146954076,2079.2397617302895,9122.373664320376
2045-01-17 17:00:00,2974.9575814759833,1916.393528832781,13526.27819192332
2045-01-17 18:00:00,3133.4347554049127,1791.1662299950842,15099.101237495805
2045-01-17 19:00:00,2981.930959231747,1594.352185112987,17930.182719526263
2045-01-17 20:00:00,3015.4604878930213,1482.0832754710868,16986.48889218278
2045-01-17 21:00:00,2908.2806270441606,1386.0030698101816,16986.488892182784
2045-01-17 22:00:00,2775.11776962588,1083.083704416565,15099.101237495805
2045-01-17 23:00:00,2703.569003337291,831.4038149260969,9751.502882549372
2045-01-18 00:00:00,2764.255822832017,876.0333478767218,2524.4639494563153
2045-01-18 01:00:00,2656.8851191154104,731.5041036154781,1062.9321892447642
2045-01-18 02:00:00,2744.626809355489,658.2864181984168,0.0
2045-01-18 03:00:00,2723.6237649356044,662.547171714264,0.0
2045-01-18 04:00:00,2761.8021961474506,732.1768541706116,0.0
2045-01-18 05:00:00,2819.413350701059,849.2354507638922,0.0
2045-01-18 06:00:00,2965.256920831661,1155.3369533497685,0.0
2045-01-18 07:00:00,3141.8198970530275,1682.504288352609,0.0
2045-01-18 08:00:00,3183.335260555884,2350.837114841024,0.0
2045-01-18 09:00:00,3017.4700966792243,3051.8431932904355,0.0
2045-01-18 10:00:00,3009.1277659517,3660.0881826961513,0.0
2045-01-18 11:00:00,3133.3794212581206,4235.559007557598,0.0
2045-01-18 12:00:00,3089.999301474994,4394.092675874878,0.0
2045-01-18 13:00:00,3071.646173874441,4300.311248489228,0.0
2045-01-18 14:00:00,3020.414448700704,4021.523418441782,0.0
2045-01-18 15:00:00,3001.766885898002,3761.8977667064,797.199141933573
2045-01-18 16:00:00,2971.832640346297,3442.946728517467,2657.3304731119097
2045-01-18 17:00:00,3045.932166220189,3416.6870318487454,5048.927898912629
2045-01-18 18:00:00,3140.151430907523,3347.483424743983,6510.45965912418
2045-01-18 19:00:00,3072.136899211354,3160.4027078705262,7307.658801057752
2045-01-18 20:00:00,3002.355756302298,2907.5606242327435,7573.391848368945
2045-01-18 21:00:00,3033.565887729977,2361.7805238712003,8104.857942991325
2045-01-18 22:00:00,2918.932449027055,1834.2543885722885,6909.059230090966
2045-01-18 23:00:00,2851.997513072095,1223.9575099734157,4517.461804290247
2045-01-19 00:00:00,2453.7518509602132,476.64621923202026,2577.484504608792
2045-01-19 01:00:00,2517.351848255591,393.37349475614707,1405.9006388775229
2045-01-19 02:00:00,2401.788166019157,349.8754640859961,0.0
2045-01-19 03:00:00,2456.4166553161645,382.1443835777112,0.0
2045-01-19 04:00:00,2521.349054789518,404.01160008308614,0.0
2045-01-19 05:00:00,2592.3216774696953,495.9130099908103,0.0
2045-01-19 06:00:00,2693.8507234314498,769.9033227446413,0.0
2045-01-19 07:00:00,2907.301552343172,949.1967679131689,0.0
2045-01-19 08:00:00,2910.8546248177736,1211.4497044562763,0.0
2045-01-19 09:00:00,2894.510491434604,1596.3068048923583,0.0
2045-01-19 10:00:00,2879.4099334175453,1900.4147758384572,0.0
2045-01-19 11:00:00,2915.2071385991608,2134.0807593446743,0.0
2045-01-19 12:00:00,2883.2294863277416,2271.7142020412057,0.0
2045-01-19 13:00:00,2831.443455010416,2182.767821390965,0.0
2045-01-19 14:00:00,2826.824460793434,2106.2621139147277,0.0
2045-01-19 15:00:00,2781.9669208015825,2075.541629753933,1640.217412023777
2045-01-19 16:00:00,2701.845136499305,1881.272096308482,6092.236101802601
2045-01-19 17:00:00,2674.486478444869,1816.0486905373157,11715.838657312694
2045-01-19 18:00:00,2861.644571044534,1617.1102108650389,14059.006388775237
2045-01-19 19:00:00,2861.999878291995,1539.3279307495702,14761.956708213993
2045-01-19 20:00:00,2804.9730650746305,1499.8191895770217,13824.689615628971
2045-01-19 21:00:00,2763.935077992977,1257.069446133301,12418.788976751446
2045-01-19 22:00:00,2653.701004468446,1010.9155089849612,8669.720606411393
2045-01-19 23:00:00,2608.93229128846,681.9616520419448,6326.552874948852
2045-01-20 00:00:00,2552.383879918314,1081.2268794966292,2929.763767822561
2045-01-20 01:00:00,2537.444810901749,902.7605667366964,1255.6130433525263
2045-01-20 02:00:00,2452.995132519877,795.6025615587091,0.0
2045-01-20 03:00:00,2455.192054434078,883.8579989133286,0.0
2045-01-20 04:00:00,2610.822002836051,996.360868096544,0.0
2045-01-20 05:00:00,2755.2037110373176,1241.4424371167586,0.0
2045-01-20 06:00:00,2918.8304552069817,2052.0366903974486,0.0
2045-01-20 07:00:00,2913.118458230061,2676.720930071902,0.0
2045-01-20 08:00:00,2922.433407146271,3004.0091147432586,0.0
2045-01-20 09:00:00,2815.838755869255,3664.9862846385754,0.0
2045-01-20 10:00:00,2825.417335415171,4295.276113391678,0.0
2045-01-20 11:00:00,2868.740635563207,4492.201761350159,0.0
2045-01-20 12:00:00,2835.435299343925,4818.121139386029,0.0
2045-01-20 13:00:00,2871.113311230544,4548.961609834945,0.0
2045-01-20 14:00:00,2871.2011881071116,4344.905131118273,0.0
2045-01-20 15:00:00,2825.417335415171,4473.690281136928,1883.4195650287893
2045-01-20 16:00:00,2836.0504374799016,4461.227622627175,5022.452173410105
2045-01-20 17:00:00,2839.8291431723273,4124.8662054006045,7533.67826011516
2045-01-20 18:00:00,2957.7599115266166,3576.4179771958443,9835.635506261462
2045-01-20 19:00:00,2953.805452081056,2908.987861733237,13183.936955201532
2045-01-20 20:00:00,2877.5283232200104,2764.102938430544,13393.205795760286
2045-01-20 21:00:00,2834.3807768251095,2542.3301909745924,12137.592752407762
2045-01-20 22:00:00,2628.4852550262244,2065.8551192890136,10463.442027937725
2045-01-20 23:00:00,2494.912402642825,1669.9440952919963,5859.527535645126
2045-01-21 00:00:00,2688.23724147984,494.929275139884,2134.9418812552267
2045-01-21 01:00:00,2763.79735396799,407.1545598041165,830.2551760436994
2045-01-21 02:00:00,2748.9949247609643,365.55072110255855,0.0
2045-01-21 03:00:00,2819.330650470165,395.3928730734503,0.0
2045-01-21 04:00:00,2889.182636662796,438.06026855384494,0.0
2045-01-21 05:00:00,2980.5126573911107,542.9770166779236,0.0
2045-01-21 06:00:00,3100.4800575003387,793.2882326853409,0.0
2045-01-21 07:00:00,3347.961194177278,1103.9781926489588,0.0
2045-01-21 08:00:00,3306.1660999456763,1444.278824578662,0.0
2045-01-21 09:00:00,3181.071060960812,1703.07346995139,0.0
2045-01-21 10:00:00,3204.774297272716,2051.7136382704434,0.0
2045-01-21 11:00:00,3202.742591303124,2362.140837147526,0.0
2045-01-21 12:00:00,3252.9547531230346,2385.9582527771236,0.0
2045-01-21 13:00:00,3202.64584339981,2269.4299671146855,0.0
2045-01-21 14:00:00,3154.6588833561186,2206.336025264279,0.0
2045-01-21 15:00:00,3179.2328507978477,2097.978358149845,830.2551760436994
2045-01-21 16:00:00,3059.7491902051893,1993.549594900763,2372.1576458391414
2045-01-21 17:00:00,3089.0638049092995,1984.1214768671916,4269.883762510455
2045-01-21 18:00:00,3262.436047647797,1744.183067561606,5574.570467721984
2045-01-21 19:00:00,3242.0222400485645,1604.4629879041788,6760.649290641553
2045-01-21 20:00:00,3265.435232650527,1456.6473642949004,6997.8650552254685
2045-01-21 21:00:00,3133.277596723749,1279.496342238764,7472.296584393297
2045-01-21 22:00:00,2998.798011117437,1032.7136322505464,6167.609879181771
2045-01-21 23:00:00,2916.4655453973132,661.5948785999589,3914.0601156345833
2045-01-22 00:00:00,2730.689615826533,531.1354013469238,2756.825218690675
2045-01-22 01:00:00,2758.8146071722526,453.0799178427002,1378.4126093453374
2045-01-22 02:00:00,2696.10347782031,403.9387850673136,0.0
2045-01-22 03:00:00,2725.5587052431924,417.2022487043949,0.0
2045-01-22 04:00:00,2777.1528616645646,476.0920272530363,0.0
2045-01-22 05:00:00,2839.1038561152727,575.8332738038881,0.0
2045-01-22 06:00:00,2948.373248167902,874.062253683663,0.0
2045-01-22 07:00:00,3085.767631566251,1234.6361443895391,0.0
2045-01-22 08:00:00,3121.11390447371,1519.9332472231592,0.0
2045-01-22 09:00:00,3129.760438975267,1911.2186879806968,0.0
2045-01-22 10:00:00,3139.8322264166386,2215.721286160813,0.0
2045-01-22 11:00:00,3207.864300077233,2352.5538087727623,0.0
2045-01-22 12:00:00,3181.449612259293,2532.618591109779,0.0
2045-01-22 13:00:00,3147.8136428796142,2417.485095008093,0.0
2045-01-22 14:00:00,3149.7139801327035,2237.141779934696,0.0
2045-01-22 15:00:00,3131.185691915083,2190.759447595824,1206.11103317717
2045-01-22 16:00:00,3062.8685676665273,2171.7529042038855,4307.539404204182
2045-01-22 17:00:00,3068.2845288378307,2050.7237985155175,7925.872503735693
2045-01-22 18:00:00,3150.2840813086304,1985.348186248344,9821.189841585538
2045-01-22 19:00:00,3257.843169833479,1667.2969599629512,10165.792993921868
2045-01-22 20:00:00,3144.7731032746715,1485.083496516727,9476.5866892492
2045-01-22 21:00:00,3048.330987680394,1271.30298961425,8959.681960744696
2045-01-22 22:00:00,2925.6642179934856,988.393310235304,7753.570927567525
2045-01-22 23:00:00,2779.6233000935804,825.5842940901305,4996.74570887685
2045-01-23 00:00:00,2606.1107444325244,1057.3636976668624,4878.933428390237
2045-01-23 01:00:00,2719.801366051056,873.5787042245871,2054.287759322204
2045-01-23 02:00:00,2596.057715189728,765.0760861029962,0.0
2045-01-23 03:00:00,2648.059293727465,785.1598070358634,0.0
2045-01-23 04:00:00,2632.522793988597,845.4109698344652,0.0
2045-01-23 05:00:00,2733.235868766429,1001.154541596888,0.0
2045-01-23 06:00:00,2968.933708922534,1475.079830528446,0.0
2045-01-23 07:00:00,2927.1679419774628,1926.7488199104992,0.0
2045-01-23 08:00:00,3012.161734666558,2479.7963905549373,0.0
2045-01-23 09:00:00,2927.076550802528,3329.5019925385695,0.0
2045-01-23 10:00:00,2952.574688609257,3971.1452981661096,0.0
2045-01-23 11:00:00,3022.763110958961,4439.765453266343,0.0
2045-01-23 12:00:00,2869.0431547191133,4879.4852602568935,0.0
2045-01-23 13:00:00,2733.875606990971,4745.555893558032,0.0
2045-01-23 14:00:00,2755.900880150188,4509.060606120252,0.0
2045-01-23 15:00:00,2887.595563230819,4400.216943680932,1027.143879661102
2045-01-23 16:00:00,2907.244665841739,4087.289835259012,4108.5755186444085
2045-01-23 17:00:00,2846.1953609854854,3842.35685877522,7960.365067373543
2045-01-23 18:00:00,2994.9801937788698,3670.9505109393663,11555.368646187404
2045-01-23 19:00:00,3107.299947773384,3368.8484017875503,14380.01431525544
2045-01-23 20:00:00,3091.5806656846485,3228.274986528507,16434.302074577645
2045-01-23 21:00:00,2964.821106050481,2755.865450120185,16434.302074577645
2045-01-23 22:00:00,2821.611134928102,2184.9572622436244,14636.800285170712
2045-01-23 23:00:00,2644.4950379050188,1638.7811030378534,8987.508947034648
2045-01-24 00:00:00,2438.6670179564903,1031.8879576548431,1896.0662180551244
2045-01-24 01:00:00,2581.6150682037483,862.3336595446658,892.2664555553529
2045-01-24 02:00:00,2560.684979849789,762.2978899352258,0.0
2045-01-24 03:00:00,2504.485466014262,806.8707898118371,0.0
2045-01-24 04:00:00,2566.563217430049,848.1513732202895,0.0
2045-01-24 05:00:00,2676.0231263109713,1086.4644344923972,0.0
2045-01-24 06:00:00,2886.5709087312325,1593.6077981453168,0.0
2045-01-24 07:00:00,3024.1751066327975,2022.54598292382,0.0
2045-01-24 08:00:00,3058.5538900567485,2766.3562496147697,0.0
2045-01-24 09:00:00,2989.618194797323,3503.138686921765,0.0
2045-01-24 10:00:00,3035.397196558751,4058.590463367093,0.0
2045-01-24 11:00:00,3018.920318492867,4516.488370309744,0.0
2045-01-24 12:00:00,2920.2371785090913,4933.62486682546,0.0
2045-01-24 13:00:00,2899.3961543608916,4611.497025927415,0.0
2045-01-24 14:00:00,2846.9373371673505,4495.024999488479,0.0
2045-01-24 15:00:00,2882.8302120892467,4295.219378138179,1115.3330694441906
2045-01-24 16:00:00,2836.6949535047743,4039.165796204954,3345.999208332572
2045-01-24 17:00:00,2848.1842360480114,3925.226320895367,5018.998812498857
2045-01-24 18:00:00,2916.674610278629,3635.5784482312743,5465.132040276534
2045-01-24 19:00:00,2890.845990607785,3390.782056068023,6022.798574998629
2045-01-24 20:00:00,2788.600282393547,3027.031737359064,6022.798574998629
2045-01-24 21:00:00,2710.936294969491,2587.7100929502144,5799.731961109789
2045-01-24 22:00:00,2659.011863010519,2082.3901661104296,5465.132040276534
2045-01-24 23:00:00,2547.4144131913204,1544.60293379234,3457.5325152769915
2045-01-25 00:00:00,2794.669292519648,732.0323593921423,2487.1895183676024
2045-01-25 01:00:00,2860.7986968569157,617.0666011242597,654.5235574651587
2045-01-25 02:00:00,2806.384750681887,543.6212376130302,0.0
2045-01-25 03:00:00,2849.567348536092,607.0227907295614,0.0
2045-01-25 04:00:00,2925.088483796809,635.2710074646496,0.0
2045-01-25 05:00:00,2999.7382213429787,820.0053772242743,0.0
2045-01-25 06:00:00,3053.377591771744,1345.063500982818,0.0
2045-01-25 07:00:00,3046.7936979285023,1571.3092978112436,0.0
2045-01-25 08:00:00,3217.0067181699633,1946.1138116026743,0.0
2045-01-25 09:00:00,3199.2882979741803,2563.5570556167354,0.0
2045-01-25 10:00:00,3194.447199560031,2898.4553584649466,0.0
2045-01-25 11:00:00,3189.025169336185,3087.305896948829,0.0
2045-01-25 12:00:00,3107.791537946773,3435.969600650488,0.0
2045-01-25 13:00:00,2917.63319223902,3193.7971901961832,0.0
2045-01-25 14:00:00,3011.260035568652,3088.579308623869,0.0
2045-01-25 15:00:00,3058.8964439638735,3141.461763889526,916.332980451222
2045-01-25 16:00:00,2973.305824001728,2915.6015776387544,2748.9989413536664
2045-01-25 17:00:00,3025.396042937966,2781.7319333779933,4450.760190763078
2045-01-25 18:00:00,3076.227576286525,2453.1379150900248,5236.188459721268
2045-01-25 19:00:00,3173.146366537778,2218.9915852636286,6676.14028614462
2045-01-25 20:00:00,3052.893481930329,2103.604345666681,8246.996824061003
2045-01-25 21:00:00,2949.9717296455315,1761.9533738656066,8901.520381526158
2045-01-25 22:00:00,2907.85417344244,1460.2086130077491,7330.663843609778
2045-01-25 23:00:00,2830.299776847781,1121.050658429643,4581.664902256109
2045-01-26 00:00:00,2753.6661143881847,854.1187019561678,2559.673402442324
2045-01-26 01:00:00,2771.7746937731395,704.9591068897528,1194.5142544730843
2045-01-26 02:00:00,2695.563720639665,614.640400359882,0.0
2045-01-26 03:00:00,2654.020509109473,640.8719153543201,0.0
2045-01-26 04:00:00,2713.8659746704484,696.5238746170309,0.0
2045-01-26 05:00:00,2800.341704032829,839.7170858807895,0.0
2045-01-26 06:00:00,2861.9302414062604,1229.8980128372812,0.0
2045-01-26 07:00:00,3128.9107406807093,1627.8763862117255,0.0
2045-01-26 08:00:00,3190.2087660853967,2166.4659668249883,0.0
2045-01-26 09:00:00,3224.1986664282813,2756.9013653096094,0.0
2045-01-26 10:00:00,3182.0744309606043,3208.885798966723,0.0
2045-01-26 11:00:00,3161.8354304715367,3718.384115107721,0.0
2045-01-26 12:00:00,3135.883027930531,3967.593794423513,0.0
2045-01-26 13:00:00,2992.7574646633434,3803.302215609325,0.0
2045-01-26 14:00:00,3009.1229722358435,3640.2656347674215,0.0
2045-01-26 15:00:00,3007.864087037959,3563.5461685601567,682.5795739846196
2045-01-26 16:00:00,2959.0580762892023,3275.236101599714,2900.9631894346335
2045-01-26 17:00:00,2967.1924114139947,3227.937079660723,5631.2814853731115
2045-01-26 18:00:00,3003.506407506821,2966.383157994608,8020.309994319282
2045-01-26 19:00:00,3038.7551930475893,2700.375022213751,10238.693609769296
2045-01-26 20:00:00,2922.7440801963776,2539.724994892909,11603.85275773854
2045-01-26 21:00:00,2879.845146145387,2152.979882057259,10750.628290257764
2045-01-26 22:00:00,2852.052834469011,1810.48887804752,8873.534461800058
2045-01-26 23:00:00,2727.4231998784367,1256.0266591454672,5631.281485373111
2045-01-27 00:00:00,2717.5185452326223,896.1366693816494,2201.7215065113146
2045-01-27 01:00:00,2707.9109138193908,746.6299972217073,1016.179156851376
2045-01-27 02:00:00,2654.108177905292,667.9244454879608,0.0
2045-01-27 03:00:00,2524.501230140794,721.6745783792993,0.0
2045-01-27 04:00:00,2651.5141174237187,799.5896869822906,0.0
2045-01-27 05:00:00,2791.977688685169,977.1006300604092,0.0
2045-01-27 06:00:00,2864.0349242844068,1493.824596679665,0.0
2045-01-27 07:00:00,2952.3290569720075,2009.690367899818,0.0
2045-01-27 08:00:00,3111.719662117524,2530.5359308437255,0.0
2045-01-27 09:00:00,2972.0247013691333,3140.3966823553724,0.0
2045-01-27 10:00:00,2923.794391674709,3714.969794101168,0.0
2045-01-27 11:00:00,2884.595255508724,4151.813836335272,0.0
2045-01-27 12:00:00,2908.51825772767,4303.409536769351,0.0
2045-01-27 13:00:00,2830.4082143380956,4116.0406386462455,0.0
2045-01-27 14:00:00,2837.8060905262846,3921.072194423167,0.0
2045-01-27 15:00:00,2849.1430955938977,3837.567523681262,1524.268735277064
2045-01-27 16:00:00,2918.4141180832994,3618.7841571330096,4742.169398639755
2045-01-27 17:00:00,2939.550907192409,3533.822812621574,8468.159640428124
2045-01-27 18:00:00,3042.2564869998578,3173.053275700275,10839.244339748
2045-01-27 19:00:00,3124.3056592688567,2854.3917735587665,11347.333918173686
2045-01-27 20:00:00,2972.601159253927,2664.719298311746,9314.97560447094
2045-01-27 21:00:00,2884.979560765253,2270.717273764562,7960.070062002437
2045-01-27 22:00:00,2780.9289125599516,1829.8758476977844,6605.1645195339415
2045-01-27 23:00:00,2683.3153774015173,1262.3376798157071,3556.627048979816
2045-01-28 00:00:00,2581.9893418816628,225.22172927399956,1753.486163737812
2045-01-28 01:00:00,2634.661696683704,197.24310576655205,876.743081868906
2045-01-28 02:00:00,2601.0652757829425,183.22284420806352,0.0
2045-01-28 03:00:00,2571.9293966401924,199.68814034297725,0.0
2045-01-28 04:00:00,2679.362019407598,224.2003857167588,0.0
2045-01-28 05:00:00,2865.9455320937464,281.76702257942736,0.0
2045-01-28 06:00:00,3052.4341396361074,442.6750575520159,0.0
2045-01-28 07:00:00,3320.351360548109,604.3785025070614,0.0
2045-01-28 08:00:00,3283.053639039637,759.9910258843792,0.0
2045-01-28 09:00:00,3181.694945474629,955.7671109050766,0.0
2045-01-28 10:00:00,3146.769852560843,1100.1850898989387,0.0
2045-01-28 11:00:00,3089.7318611445794,1148.590584551204,0.0
2045-01-28 12:00:00,3066.0055751977143,1192.2236193087251,0.0
2045-01-28 13:00:00,3048.827744172184,1120.6986204970983,0.0
2045-01-28 14:00:00,3012.858694676736,1034.6922080359857,0.0
2045-01-28 15:00:00,3102.449150412099,1000.3286398055444,681.911285898038
2045-01-28 16:00:00,3012.7637895329485,972.4923854000152,2337.9815516504163
2045-01-28 17:00:00,2931.714796738457,949.3635962992236,3994.051817402795
2045-01-28 18:00:00,3012.6688843891607,896.3744355612803,4773.379001286266
2045-01-28 19:00:00,3061.5450334397033,789.7925928924776,5260.458491213437
2045-01-28 20:00:00,2971.005526266465,687.6984719145826,5455.290287184304
2045-01-28 21:00:00,2989.7018395925957,547.1306486334705,5455.290287184304
2045-01-28 22:00:00,2883.218268263064,406.8351836342896,4968.210797257135
2045-01-28 23:00:00,2865.1862909434467,315.1618619207281,3312.140531504756
2045-01-29 00:00:00,2699.3404167803233,470.6033021835028,2741.4275400677466
2045-01-29 01:00:00,2726.595282883969,404.8407836208425,2284.522950056455
2045-01-29 02:00:00,2703.497938728337,367.1999853896131,0.0
2045-01-29 03:00:00,2633.00484436535,386.7358707525981,0.0
2045-01-29 04:00:00,2713.5683807801925,417.1595903146992,0.0
2045-01-29 05:00:00,2825.08235836358,552.4798153608547,0.0
2045-01-29 06:00:00,3047.648366647244,769.9876345614792,0.0
2045-01-29 07:00:00,3085.0660641793665,1064.6933090436062,0.0
2045-01-29 08:00:00,3154.635264776128,1565.1852715085672,0.0
2045-01-29 09:00:00,3099.1092494259906,1859.8162865561865,0.0
2045-01-29 10:00:00,3034.529075166845,2093.7554029681623,0.0
2045-01-29 11:00:00,3085.435621685857,2351.6664194768205,0.0
2045-01-29 12:00:00,3061.229605010755,2458.7031620834437,0.0
2045-01-29 13:00:00,3020.1163324137315,2239.975905452519,0.0
2045-01-29 14:00:00,3057.3492511926092,2164.3210118175193,0.0
2045-01-29 15:00:00,3065.387126958769,1980.3103922329176,1066.1107100263455
2045-01-29 16:00:00,3055.316684906914,1899.709311061748,3046.030600075274
2045-01-29 17:00:00,3039.6104908810844,1966.411294175304,5330.553550131731
2045-01-29 18:00:00,3037.762703348634,1853.0720509722792,7005.870380173133
2045-01-29 19:00:00,3084.326949166387,1715.2320700114713,8681.187210214533
2045-01-29 20:00:00,3013.002350413797,1376.8817344397442,7919.679560195715
2045-01-29 21:00:00,2988.057218725715,1126.3620019473997,8376.584150207005
2045-01-29 22:00:00,2841.7124461556346,907.2987778611872,8071.981090199477
2045-01-29 23:00:00,2750.2469632993348,645.1197303464753,6244.362730154313
2045-01-30 00:00:00,2577.9376495084603,654.4215657809559,5019.9148829325195
2045-01-30 01:00:00,2611.095588478165,539.6783936381363,2760.9531856128856
2045-01-30 02:00:00,2611.095588478165,485.30046430955207,0.0
2045-01-30 03:00:00,2577.200806420245,491.123741809295,0.0
2045-01-30 04:00:00,2663.5035531275016,548.5363368771816,0.0
2045-01-30 05:00:00,2820.26692014538,631.1284557819843,0.0
2045-01-30 06:00:00,2979.8855541300945,874.8039128486868,0.0
2045-01-30 07:00:00,3148.714726717504,1286.1159457143233,0.0
2045-01-30 08:00:00,3190.991098903877,1683.6571575629623,0.0
2045-01-30 09:00:00,3120.7146893653103,2161.2971413305977,0.0
2045-01-30 10:00:00,3047.3066967018267,2681.2666112618585,0.0
2045-01-30 11:00:00,2988.911881960736,3049.2403366505373,0.0
2045-01-30 12:00:00,3035.056680360241,3167.2396231136363,0.0
2045-01-30 13:00:00,2997.2013667031624,3129.527749953329,0.0
2045-01-30 14:00:00,2972.1487017038307,2946.2093339015646,0.0
2045-01-30 15:00:00,3030.6356218309475,2765.1792198532207,2258.9616973196335
2045-01-30 16:00:00,3041.13563583802,2605.7854523461783,5521.906371225772
2045-01-30 17:00:00,2914.2144138928747,2487.441690312673,8533.855300985282
2045-01-30 18:00:00,2993.5171512620836,2408.999681851348,10541.821254158289
2045-01-30 19:00:00,3132.5041787767595,2241.7895996157763,13553.770183917795
2045-01-30 20:00:00,3013.411914643906,2100.644835541025,13302.774439771176
2045-01-30 21:00:00,2986.793458082117,1794.225613864417,15059.744648797554
2045-01-30 22:00:00,2847.80643056744,1352.7227577923668,14055.761672211052
2045-01-30 23:00:00,2718.766784743675,938.8599653458574,9537.838277571787
2045-01-31 00:00:00,2752.4696381488275,659.6908903815347,2793.2628419804114
2045-01-31 01:00:00,2731.527765901934,538.7424082532425,349.15785524755137
2045-01-31 02:00:00,2703.892144535028,467.8735532298279,0.0
2045-01-31 03:00:00,2679.125272790985,481.475427258313,0.0
2045-01-31 04:00:00,2764.805261527135,541.98831001004,0.0
2045-01-31 05:00:00,2849.337750414141,636.1967443323327,0.0
2045-01-31 06:00:00,3050.341473989349,935.7471064596556,0.0
2045-01-31 07:00:00,3048.428974240776,1311.2515696960425,0.0
2045-01-31 08:00:00,3110.107091132312,1611.3892854745952,0.0
2045-01-31 09:00:00,3142.4283368832257,1999.8464423881076,0.0
2045-01-31 10:00:00,3101.1183423140105,2413.521164616932,0.0
2045-01-31 11:00:00,3080.65459500426,2740.9862818527126,0.0
2045-01-31 12:00:00,3067.4583467390944,2921.829379731435,0.0
2045-01-31 13:00:00,3021.367102798442,2844.8087680451385,0.0
2045-01-31 14:00:00,3018.4027281881513,2713.643423720452,0.0
2045-01-31 15:00:00,3069.370846487669,2668.5099326259315,1571.2103486139813
2045-01-31 16:00:00,3124.8333391963374,2567.8637931526573,4888.2099734657195
2045-01-31 17:00:00,3011.2308541309953,2423.212499862226,8030.63067069368
2045-01-31 18:00:00,3031.5989764533174,2234.957926305481,9601.841019307663
2045-01-31 19:00:00,3191.962080371313,1937.9656438960164,10300.156729802764
2045-01-31 20:00:00,3132.674588165495,1848.1700902954651,10474.73565742654
2045-01-31 21:00:00,3085.340219388269,1671.082964449606,9776.41994693144
2045-01-31 22:00:00,2944.5802378931653,1362.5831874785413,8030.63067069368
2045-01-31 23:00:00,2842.930876256414,1008.1616289863072,3840.736407723064
2045-02-01 00:00:00,2873.179794697924,499.1419682274349,3476.812150116872
2045-02-01 01:00:00,2860.8871544409467,420.6078152662776,2378.8714711325965
2045-02-01 02:00:00,2828.0068402576485,373.3631588208699,0.0
2045-02-01 03:00:00,2820.21150741176,381.3717799528771,0.0
2045-02-01 04:00:00,2904.1612457520946,435.5075755118725,0.0
2045-02-01 05:00:00,3029.7860327685216,513.3588227951064,0.0
2045-02-01 06:00:00,3196.6861078022816,755.2936797829568,0.0
2045-02-01 07:00:00,3260.2480525456767,1088.6447741109685,0.0
2045-02-01 08:00:00,3318.3132882310742,1379.1776824332012,0.0
2045-02-01 09:00:00,3341.3994662746663,1737.827328011546,0.0
2045-02-01 10:00:00,3309.418613573587,2033.9538546593135,0.0
2045-02-01 11:00:00,3336.1026375460497,2252.961705569253,0.0
2045-02-01 12:00:00,3274.139735437708,2379.8331640604956,0.0
2045-02-01 13:00:00,3257.949428757787,2300.5788560208007,0.0
2045-02-01 14:00:00,3277.837521531271,2132.043942942814,0.0
2045-02-01 15:00:00,3190.389877426756,2074.8847377006496,1463.9209053123675
2045-02-01 16:00:00,3210.7776710236944,1997.859185464358,3659.802263280918
2045-02-01 17:00:00,3142.3186582104468,1927.656481773864,6038.6737344135145
2045-02-01 18:00:00,3239.360558125285,1856.702581837652,7868.574866053972
2045-02-01 19:00:00,3360.388097565932,1601.028904256675,10247.446337186568
2045-02-01 20:00:00,3237.461694996158,1460.2261699358023,9698.475997694431
2045-02-01 21:00:00,3247.3557713005544,1234.2340564107387,10796.416676678704
2045-02-01 22:00:00,3027.2875286512513,982.8254352000644,10064.45622402252
2045-02-01 23:00:00,2939.540064052664,748.216293666299,7319.604526561836
2045-02-02 00:00:00,2761.1206346732783,993.1535887305124,1633.424111460805
2045-02-02 01:00:00,2821.7805361834307,854.6655140309988,1225.0680835956036
2045-02-02 02:00:00,2758.549492851026,780.8314363266178,0.0
2045-02-02 03:00:00,2813.114835967694,825.026967741141,0.0
2045-02-02 04:00:00,2765.882008418187,908.172270164902,0.0
2045-02-02 05:00:00,2799.306852107456,1098.462228866602,0.0
2045-02-02 06:00:00,2943.38602162843,1689.0037064915198,0.0
2045-02-02 07:00:00,3084.2274570028662,2262.247289180013,0.0
2045-02-02 08:00:00,3151.838964180588,2886.63703582003,0.0
2045-02-02 09:00:00,3179.5501593759636,3846.1653003526694,0.0
2045-02-02 10:00:00,3091.3695176202314,4488.075886746337,0.0
2045-02-02 11:00:00,3122.5089019119428,4787.871093908355,0.0
2045-02-02 12:00:00,3044.327145020521,5093.213692698961,0.0
2045-02-02 13:00:00,3055.5639870585087,4899.002528094308,0.0
2045-02-02 14:00:00,2999.284549393673,4518.186551472669,0.0
2045-02-02 15:00:00,2998.332274644691,4379.764048778218,1837.6021253934052
2045-02-02 16:00:00,2996.237270196931,4107.823829368265,6125.34041797802
2045-02-02 17:00:00,2979.667689564644,3947.2773321645295,10821.434738427835
2045-02-02 18:00:00,3095.369071565956,3834.244309831659,13271.570905619046
2045-02-02 19:00:00,3124.6039063597027,3491.4732105493476,14292.460975282062
2045-02-02 20:00:00,3121.1757172633675,3206.7071069484723,12046.502822023444
2045-02-02 21:00:00,3024.615057716594,2542.515153233356,9188.010626967036
2045-02-02 22:00:00,2978.8106422905603,1906.309331280436,6737.8744597758205
2045-02-02 23:00:00,2868.918136258039,1449.0101679497473,4287.738292584613
2045-02-03 00:00:00,2614.4816505532285,654.0741434272508,3974.7978701761494
2045-02-03 01:00:00,2668.470451653723,570.3562969356573,2271.313068672085
2045-02-03 02:00:00,2585.638318458444,537.9258797963669,0.0
2045-02-03 03:00:00,2680.2111669615365,638.0411282123208,0.0
2045-02-03 04:00:00,2770.9012592210997,680.8565665703721,0.0
2045-02-03 05:00:00,2891.174256193264,932.4655894319408,0.0
2045-02-03 06:00:00,3001.7403625566053,1546.5482914992256,0.0
2045-02-03 07:00:00,3128.3921733574225,1912.829811818484,0.0
2045-02-03 08:00:00,3136.0652392672528,2343.2980510038783,0.0
2045-02-03 09:00:00,3091.136202734993,2856.7098149233266,0.0
2045-02-03 10:00:00,3081.8915450123045,3312.7033431043064,0.0
2045-02-03 11:00:00,3147.5286148433856,3324.190634119096,0.0
2045-02-03 12:00:00,3066.5454131926435,3471.913006122107,0.0
2045-02-03 13:00:00,3038.534100292901,3134.5820098670783,0.0
2045-02-03 14:00:00,3019.0278724980303,3052.3672585518825,0.0
2045-02-03 15:00:00,3040.3830318374385,2961.0701685041417,2555.227202256096
2045-02-03 16:00:00,3023.0030753187852,2930.0972982025733,6530.025072432244
2045-02-03 17:00:00,3007.749390076352,2810.997502225305,10788.737076192405
2045-02-03 18:00:00,3055.9140568115527,2406.8106544575658,14195.706679200544
2045-02-03 19:00:00,3197.5422131231244,2204.922198097752,18170.504549376696
2045-02-03 20:00:00,3074.2184791024742,1886.338898042908,16750.93388145664
2045-02-03 21:00:00,2996.9331405408075,1584.3351932671385,16183.105614288615
2045-02-03 22:00:00,2951.264531390731,1147.8181347052025,13343.96427844851
2045-02-03 23:00:00,2795.214709031768,886.4617673663754,8517.424007520323
2045-02-04 00:00:00,2693.201271459215,407.7687536969498,3718.119218551577
2045-02-04 01:00:00,2703.563517221571,345.8375702139609,2655.7994418225544
2045-02-04 02:00:00,2684.9829386132087,308.33281900035155,0.0
2045-02-04 03:00:00,2657.022740995817,332.3521440652412,0.0
2045-02-04 04:00:00,2634.5116553741477,365.2260508277807,0.0
2045-02-04 05:00:00,2796.555739968231,469.4963835776934,0.0
2045-02-04 06:00:00,2898.4809331996803,722.1064039635235,0.0
2045-02-04 07:00:00,3108.852388116475,956.3966001473188,0.0
2045-02-04 08:00:00,3154.589196998597,1209.332306296741,0.0
2045-02-04 09:00:00,3122.7878220727466,1472.9240435236798,0.0
2045-02-04 10:00:00,3132.346100491472,1692.6550683069147,0.0
2045-02-04 11:00:00,3070.708604146424,1805.4288527906049,0.0
2045-02-04 12:00:00,3012.644295995291,1945.1989337720152,0.0
2045-02-04 13:00:00,2924.118558491026,1802.7724782813095,0.0
2045-02-04 14:00:00,2898.391603494832,1731.737359937921,0.0
2045-02-04 15:00:00,2910.8084324686897,1686.6044374801877,1239.3730728505252
2045-02-04 16:00:00,2881.8656080979717,1665.668949489307,2832.8527379440584
2045-02-04 17:00:00,2875.2552099392274,1597.7431124202076,5134.545587523605
2045-02-04 18:00:00,2944.6643906060413,1461.2960439954445,7613.291733224658
2045-02-04 19:00:00,3035.9593489605923,1265.8438751199612,10092.037878925708
2045-02-04 20:00:00,2927.513087275246,1100.7771702195755,9029.718102196688
2045-02-04 21:00:00,2904.376693719641,964.4776781564392,10623.197767290216
2045-02-04 22:00:00,2829.339741647409,769.2290628832009,10269.09117504721
2045-02-04 23:00:00,2791.7319359064445,615.9532003928465,7436.238437103153
2045-02-05 00:00:00,2496.0490734140303,243.7555966972631,3194.629783694255
2045-02-05 01:00:00,2478.9832152186195,196.192845450252,1720.1852681430605
2045-02-05 02:00:00,2511.4418082569487,169.90300415991825,0.0
2045-02-05 03:00:00,2502.490598321121,176.99397414547735,0.0
2045-02-05 04:00:00,2586.2304221133068,200.84541864235808,0.0
2045-02-05 05:00:00,2658.509350940928,231.92797087154804,0.0
2045-02-05 06:00:00,2901.279549387404,349.47551284559916,0.0
2045-02-05 07:00:00,2954.9031528347477,488.7191807715131,0.0
2045-02-05 08:00:00,2910.56538399373,564.8420048062109,0.0
2045-02-05 09:00:00,2904.458483757137,697.3758774177261,0.0
2045-02-05 10:00:00,2766.4258071766108,869.9386960109628,0.0
2045-02-05 11:00:00,2853.5118776737795,984.4032075565096,0.0
2045-02-05 12:00:00,2879.19432113452,1042.6836936749746,0.0
2045-02-05 13:00:00,2829.5025575655304,1029.373410488643,0.0
2045-02-05 14:00:00,2770.524959390215,987.458210435664,0.0
2045-02-05 15:00:00,2785.4994133950117,982.9962245791384,2457.4075259186584
2045-02-05 16:00:00,2841.7163580387164,954.181101092366,6389.25956738851
2045-02-05 17:00:00,2789.180284770492,877.9265475757228,10075.3708562665
2045-02-05 18:00:00,2808.5048594917653,788.9166563498788,12532.778382185152
2045-02-05 19:00:00,2875.095168920916,677.0699179136249,15727.4081658794
2045-02-05 20:00:00,2841.96732654159,673.4011117037053,14498.704402920072
2045-02-05 21:00:00,2800.808492070306,631.2869160503412,13515.741392552609
2045-02-05 22:00:00,2725.0160042024536,509.0643788447039,11058.333866633964
2045-02-05 23:00:00,2652.3187945367104,374.0276460762305,6880.741072572241
2045-02-06 00:00:00,2922.691076232594,897.2093363472001,3165.2726214123504
2045-02-06 01:00:00,2970.215301745958,744.3405046538905,791.3181553530873
2045-02-06 02:00:00,2970.4104731033026,663.530289535717,0.0
2045-02-06 03:00:00,2927.5703601662044,737.2937629698865,0.0
2045-02-06 04:00:00,3015.5926423285346,831.0608902167119,0.0
2045-02-06 05:00:00,3114.642106180824,1015.7537166119744,0.0
2045-02-06 06:00:00,3341.626394772377,1594.1548203199682,0.0
2045-02-06 07:00:00,3369.633484551301,2149.7904021036716,0.0
2045-02-06 08:00:00,3542.3601358011074,2659.3380201315126,0.0
2045-02-06 09:00:00,3441.3589583753724,3189.4121147421133,0.0
2045-02-06 10:00:00,3458.0461094283196,3727.70361941325,0.0
2045-02-06 11:00:00,3420.3780374608477,4259.869005104264,0.0
2045-02-06 12:00:00,3320.352716821836,4278.861110513891,0.0
2045-02-06 13:00:00,3319.864788428474,4075.346664394903,0.0
2045-02-06 14:00:00,3154.944991472445,3886.4257929892383,0.0
2045-02-06 15:00:00,3294.4925119737013,3888.164746985452,989.1476941913592
2045-02-06 16:00:00,3388.2723491776924,3630.901846957345,3165.2726214123504
2045-02-06 17:00:00,3333.1364407278948,3650.973695044361,5143.568009795069
2045-02-06 18:00:00,3314.204819065488,3114.0801729976292,7517.522475854328
2045-02-06 19:00:00,3434.430375189646,2739.4890239308575,11474.113252619756
2045-02-06 20:00:00,3429.3559198986914,2598.5882873879627,14639.385874032108
2045-02-06 21:00:00,3342.5046658804276,2211.2675404404076,14045.89725751729
2045-02-06 22:00:00,3175.633155350954,1883.5258578598668,11474.113252619756
2045-02-06 23:00:00,3097.076684019827,1195.4456295540722,6528.3747816629675
2045-02-07 00:00:00,2737.653586149316,818.5081197643335,4360.870739803971
2045-02-07 01:00:00,2811.802500168959,672.4273631917913,1453.6235799346564
2045-02-07 02:00:00,2828.380143157555,588.7827508802404,0.0
2045-02-07 03:00:00,2818.379499832913,610.784058857923,0.0
2045-02-07 04:00:00,2833.515608648588,701.7624404953681,0.0
2045-02-07 05:00:00,2999.7425179635848,795.6148668686368,0.0
2045-02-07 06:00:00,3139.4812368511507,1194.8097701754216,0.0
2045-02-07 07:00:00,3224.441657167704,1702.77240098449,0.0
2045-02-07 08:00:00,3254.8940665706677,2078.489331949324,0.0
2045-02-07 09:00:00,3193.2684806782786,2625.83628613826,0.0
2045-02-07 10:00:00,3135.7873055330388,3138.565867009161,0.0
2045-02-07 11:00:00,3174.348344658686,3629.631096871404,0.0
2045-02-07 12:00:00,3228.0454926000075,3744.394676322561,0.0
2045-02-07 13:00:00,3131.552798900083,3696.9134751869383,0.0
2045-02-07 14:00:00,3100.379622410658,3443.3236244964223,0.0
2045-02-07 15:00:00,3101.550868926156,3440.8559102232516,1271.9206324428244
2045-02-07 16:00:00,3077.855650958761,3205.095047393929,3634.058949836642
2045-02-07 17:00:00,3013.4370926063375,3115.236552153546,6177.900214722292
2045-02-07 18:00:00,2981.453053144644,2858.0194587964374,7631.5237946569505
2045-02-07 19:00:00,3205.791808805533,2479.507767088493,8721.741479607943
2045-02-07 20:00:00,3098.5777046945063,2438.6170478470895,9811.959164558932
2045-02-07 21:00:00,3059.5661861398216,2087.071824160439,11810.691586969087
2045-02-07 22:00:00,2953.523328544293,1736.7158603644732,10902.176849509928
2045-02-07 23:00:00,2928.386576403976,1184.9983760772657,6723.009057197789
2045-02-08 00:00:00,2843.913018612508,878.9787187459419,2384.428290996069
2045-02-08 01:00:00,2880.2907920047332,712.7506372451659,1192.214145498035
2045-02-08 02:00:00,2884.066712787218,616.6720121455636,0.0
2045-02-08 03:00:00,2815.823851815979,648.8322213839242,0.0
2045-02-08 04:00:00,2814.8107998987266,697.4745378569444,0.0
2045-02-08 05:00:00,3009.132576753402,873.7526847447076,0.0
2045-02-08 06:00:00,3160.6298861969767,1290.0263930737367,0.0
2045-02-08 07:00:00,3109.60890781902,1683.4563027781437,0.0
2045-02-08 08:00:00,3192.863356291354,2097.086843910396,0.0
2045-02-08 09:00:00,3171.405074771383,2555.661277453257,0.0
2045-02-08 10:00:00,3207.967039421292,3107.369666937333,0.0
2045-02-08 11:00:00,3059.0484075852673,3448.0467834254396,0.0
2045-02-08 12:00:00,3107.214421469152,3806.4019649292577,0.0
2045-02-08 13:00:00,3023.8678773679753,3610.536240602256,0.0
2045-02-08 14:00:00,3024.4204511410217,3585.6522787040753,0.0
2045-02-08 15:00:00,3030.867145159897,3475.242260362627,1703.1630649971928
2045-02-08 16:00:00,3026.446554975525,3415.7257731408868,4939.172888491857
2045-02-08 17:00:00,2968.8867869498517,3145.5197151463367,7664.233792487361
2045-02-08 18:00:00,3034.919352828905,2826.359788651768,8345.499018486238
2045-02-08 19:00:00,3167.537058360058,2517.973532252052,9708.029470483987
2045-02-08 20:00:00,3091.281877679645,2332.861377889126,9708.029470483993
2045-02-08 21:00:00,3025.065120542909,2224.903575502104,9367.396857484557
2045-02-08 22:00:00,2837.834707108997,1783.2836022670915,7664.233792487361
2045-02-08 23:00:00,2953.5068169333917,1386.3060194810791,5279.805501491294
2045-02-09 00:00:00,2691.706841975879,910.044343269704,3870.9663578717486
2045-02-09 01:00:00,2736.985431395913,747.0529301953069,1505.3758058390133
2045-02-09 02:00:00,2702.76324171798,645.3041706821538,0.0
2045-02-09 03:00:00,2737.95067264324,652.3954253050348,0.0
2045-02-09 04:00:00,2725.929031653812,719.4400144668167,0.0
2045-02-09 05:00:00,2875.278177376483,840.8508890706847,0.0
2045-02-09 06:00:00,2927.752201549314,1189.6116846141863,0.0
2045-02-09 07:00:00,2970.837060861788,1641.9692636028658,0.0
2045-02-09 08:00:00,3048.495106669405,2198.074046589328,0.0
2045-02-09 09:00:00,3055.339544604992,2807.878966856333,0.0
2045-02-09 10:00:00,3026.7333040024123,3289.106547620285,0.0
2045-02-09 11:00:00,2947.232524904445,3871.502694337336,0.0
2045-02-09 12:00:00,2984.350438324356,4145.1069352034865,0.0
2045-02-09 13:00:00,2966.0108546251568,4021.052956603819,0.0
2045-02-09 14:00:00,2896.42573561336,3819.5001604362087,0.0
2045-02-09 15:00:00,2901.6029386672008,3728.6676353122166,1720.4294923874436
2045-02-09 16:00:00,2973.1185401736498,3435.7880750620548,5161.288477162332
2045-02-09 17:00:00,2863.1687871827535,3370.537788206365,8387.093775388787
2045-02-09 18:00:00,2860.185314236472,3171.31651060416,10537.630640873096
2045-02-09 19:00:00,3006.989733034374,2849.4380166764886,12258.060133260538
2045-02-09 20:00:00,2992.949860345991,2694.33293828875,12473.113819808974
2045-02-09 21:00:00,2897.039980043477,2303.862672372485,12258.060133260538
2045-02-09 22:00:00,2865.9767617204293,1944.07819918796,11182.791700518386
2045-02-09 23:00:00,2700.218514793211,1365.9260609194505,6451.610596452914
2045-02-10 00:00:00,2656.3699066537306,486.8600282799192,3024.1550969987466
2045-02-10 01:00:00,2711.925280379254,450.8818468755129,1512.0775484993733
2045-02-10 02:00:00,2564.6722286043564,432.8555116791023,0.0
2045-02-10 03:00:00,2695.9117346516073,504.0669846037659,0.0
2045-02-10 04:00:00,2751.467108377131,556.5072324478695,0.0
2045-02-10 05:00:00,2879.21762960104,734.9828486900183,0.0
2045-02-10 06:00:00,3048.2097406598377,1241.8059258651365,0.0
2045-02-10 07:00:00,3163.1673175314927,1581.542753126748,0.0
2045-02-10 08:00:00,3152.6109019121504,2007.2473219180176,0.0
2045-02-10 09:00:00,3075.405930052043,2571.9408941926868,0.0
2045-02-10 10:00:00,3110.027394837514,2802.380028753084,0.0
2045-02-10 11:00:00,3079.968448667182,2826.1494649562856,0.0
2045-02-10 12:00:00,3089.8986362413093,2898.1430722593054,0.0
2045-02-10 13:00:00,3085.5150399248027,2633.9753237446307,0.0
2045-02-10 14:00:00,3068.7858050026252,2382.910188292143,0.0
2045-02-10 15:00:00,3056.7980109942187,2371.520821963501,1701.0872420617943
2045-02-10 16:00:00,3079.073837174018,2229.440525460882,4914.252032622962
2045-02-10 17:00:00,3045.2575227323946,2291.6760752815476,6993.358661809603
2045-02-10 18:00:00,3073.885090513663,2104.0532112620463,8127.416823184134
2045-02-10 19:00:00,3176.7654122275953,1867.6475087296135,10584.542839495622
2045-02-10 20:00:00,3151.35844582172,1579.7773641013118,11529.591307307734
2045-02-10 21:00:00,2992.5649057849987,1083.3231541135517,10773.552533058042
2045-02-10 22:00:00,2994.1752064726948,818.5594936915595,10017.513758808353
2045-02-10 23:00:00,2885.927215799775,617.3647359828595,6237.319887559916
2045-02-11 00:00:00,2748.654680608471,446.7868789795454,5104.469099743669
2045-02-11 01:00:00,2771.664059045413,371.7638081295467,2126.862124893196
2045-02-11 02:00:00,2754.275292135052,316.9015762502352,0.0
2045-02-11 03:00:00,2653.455572877,324.94528693930715,0.0
2045-02-11 04:00:00,2750.586765820733,362.1216677522617,0.0
2045-02-11 05:00:00,2816.892417423372,435.54630891404736,0.0
2045-02-11 06:00:00,3051.3773045479356,657.676473327652,0.0
2045-02-11 07:00:00,3086.506126589069,876.8727458296653,0.0
2045-02-11 08:00:00,3176.962843344988,1108.6656755197578,0.0
2045-02-11 09:00:00,3058.1396027908545,1401.8331490124306,0.0
2045-02-11 10:00:00,3055.2414749724608,1574.0819947041869,0.0
2045-02-11 11:00:00,3062.530705545996,1778.4644333538251,0.0
2045-02-11 12:00:00,2950.1184750143702,1967.0224180901553,0.0
2045-02-11 13:00:00,2968.9123948063757,1869.311958117132,0.0
2045-02-11 14:00:00,3001.230911084219,1766.2596492505984,0.0
2045-02-11 15:00:00,2981.207482520773,1789.0707877688394,1701.4896999145565
2045-02-11 16:00:00,2953.455713108277,1698.7388854855997,4253.724249786392
2045-02-11 17:00:00,3005.095081508743,1641.7110391899987,6805.958799658227
2045-02-11 18:00:00,3021.4299837578696,1529.697211619871,8082.076074594147
2045-02-11 19:00:00,3038.643106558025,1279.2903103992976,9996.251986998024
2045-02-11 20:00:00,3075.528369701215,1192.7997955925705,11059.68304944463
2045-02-11 21:00:00,2984.544720614681,1037.6077415414866,14037.290024295104
2045-02-11 22:00:00,2917.1852043508075,909.2486813531796,12973.858961848506
2045-02-11 23:00:00,2848.332713150186,712.2293317189221,8720.134712062109
2045-02-12 00:00:00,2843.381122863555,336.4015655572432,1756.1231590977231
2045-02-12 01:00:00,2724.5943125416393,292.09024822859067,752.6242110418813
2045-02-12 02:00:00,2746.565406781633,264.2678965257455,0.0
2045-02-12 03:00:00,2828.3764731386823,297.8236082440331,0.0
2045-02-12 04:00:00,2780.2365552713786,332.6237701982306,0.0
2045-02-12 05:00:00,2885.179789954275,432.17978907103065,0.0
2045-02-12 06:00:00,3095.8700798410423,700.9365953763089,0.0
2045-02-12 07:00:00,3125.164872161033,915.9420404205308,0.0
2045-02-12 08:00:00,3145.9748923151737,1142.6630955428202,0.0
2045-02-12 09:00:00,3109.0884617415263,1379.9041996236776,0.0
2045-02-12 10:00:00,3136.9542398020058,1529.4871179800598,0.0
2045-02-12 11:00:00,3080.7761167249487,1624.9275621441002,0.0
2045-02-12 12:00:00,3157.942886738585,1691.0256475314338,0.0
2045-02-12 13:00:00,3040.4064638937407,1544.998301277653,0.0
2045-02-12 14:00:00,3092.6547977571413,1456.7045570398373,0.0
2045-02-12 15:00:00,3040.58509067618,1462.8690301727213,752.6242110418813
2045-02-12 16:00:00,3149.993994920051,1416.9977055840525,2885.0594756605456
2045-02-12 17:00:00,3067.736361606904,1421.215502990762,5895.556319828074
2045-02-12 18:00:00,3119.5381285142057,1250.6502647639109,7777.116847432778
2045-02-12 19:00:00,3191.524721837112,1057.9427012681183,8027.991584446738
2045-02-12 20:00:00,3185.094157669309,916.3242644215604,7275.367373404858
2045-02-12 21:00:00,3045.0507602371554,747.6568128044725,6648.180530869956
2045-02-12 22:00:00,2996.642902196193,627.5140314576183,5142.932108786192
2045-02-12 23:00:00,2905.2753029786595,471.73552871245573,3135.9342126745064
2045-02-13 00:00:00,2813.636516920137,835.7855283843613,6928.352218111193
2045-02-13 01:00:00,2843.516632094277,702.4561170159708,2834.3259074091247
2045-02-13 02:00:00,2810.6931025895506,620.1055982296117,0.0
2045-02-13 03:00:00,2802.4872202133693,626.8133472535635,0.0
2045-02-13 04:00:00,2834.953972223479,748.3783987953313,0.0
2045-02-13 05:00:00,2875.804995357079,847.7562804886438,0.0
2045-02-13 06:00:00,3159.621492324582,1260.2312473922484,0.0
2045-02-13 07:00:00,3235.1691268096474,1919.6752137438652,0.0
2045-02-13 08:00:00,3213.2273108907257,2323.884169927185,0.0
2045-02-13 09:00:00,3185.398666310631,2875.642965409673,0.0
2045-02-13 10:00:00,3243.731786680445,3375.814011091032,0.0
2045-02-13 11:00:00,3055.442463896536,3771.5092858208745,0.0
2045-02-13 12:00:00,3201.8996254366493,3898.038071640365,0.0
2045-02-13 13:00:00,3157.124049862266,3826.471549361744,0.0
2045-02-13 14:00:00,3137.9472595266243,3475.315728150941,0.0
2045-02-13 15:00:00,3160.0674641928526,3449.310301165772,2834.3259074091247
2045-02-13 16:00:00,3203.7727072833864,3359.333587719876,6613.427117287957
2045-02-13 17:00:00,3187.0041650364064,3245.1780189461056,9762.678125520317
2045-02-13 18:00:00,3171.127566525968,3117.2251264107585,11022.37852881326
2045-02-13 19:00:00,3208.1432315924394,2552.700968554998,15116.404839515337
2045-02-13 20:00:00,3236.0610705461877,2376.607077255445,17320.88054527799
2045-02-13 21:00:00,3100.5748169655353,2028.1756341097523,21414.906855980054
2045-02-13 22:00:00,3011.7372208060024,1650.2094560309092,18895.50604939417
2045-02-13 23:00:00,2930.659535154381,1248.2604952879656,12911.929133752676
2045-02-14 00:00:00,2892.557551495687,846.9786158875141,1842.9272536100289
2045-02-14 01:00:00,2839.6387618316826,722.8551737389755,1053.1012877771589
2045-02-14 02:00:00,2896.868094154627,639.436608274583,0.0
2045-02-14 03:00:00,2889.164145572692,682.3617509596826,0.0
2045-02-14 04:00:00,2929.793302975038,750.6613622271063,0.0
2045-02-14 05:00:00,3122.758872217782,962.3267209846656,0.0
2045-02-14 06:00:00,3212.6382723403526,1467.1729188205009,0.0
2045-02-14 07:00:00,3210.0702894797087,1943.0182136057877,0.0
2045-02-14 08:00:00,3296.739711026474,2536.918223470341,0.0
2045-02-14 09:00:00,3240.427515439475,3105.7292275241184,0.0
2045-02-14 10:00:00,3322.419539632923,3471.5021921383304,0.0
2045-02-14 11:00:00,3310.1299073712653,3775.4460349736128,0.0
2045-02-14 12:00:00,3301.417108379791,4071.946700358077,0.0
2045-02-14 13:00:00,3164.672021050451,3756.309456584443,0.0
2045-02-14 14:00:00,3162.4708928841837,3578.5718768605016,0.0
2045-02-14 15:00:00,3060.943856215116,3508.210590020763,1184.738948749304
2045-02-14 16:00:00,3212.179703972381,3398.6351765260883,3422.5791852757666
2045-02-14 17:00:00,3176.503084944136,3351.1532021914136,5660.419421802232
2045-02-14 18:00:00,3196.9552341557014,3090.864018012975,7240.071353467967
2045-02-14 19:00:00,3335.076026588959,2664.1183199344855,8424.810302217273
2045-02-14 20:00:00,3271.8853054823753,2298.6519634823117,7503.346675412258
2045-02-14 21:00:00,3201.449204161829,1943.980328872868,6713.520709579389
2045-02-14 22:00:00,3122.3920175234052,1622.5915388872393,5923.694743746518
2045-02-14 23:00:00,3029.027497804244,1273.0582341657162,3554.216846247912
2045-02-15 00:00:00,2953.7103161419127,768.9329438606912,4027.639490886978
2045-02-15 01:00:00,2904.1285329879547,644.2335073273345,2606.1196705739285
2045-02-15 02:00:00,2907.077635331685,569.4513772166608,0.0
2045-02-15 03:00:00,2858.5096061083837,650.7077444385471,0.0
2045-02-15 04:00:00,2874.1767123094487,701.844834664792,0.0
2045-02-15 05:00:00,3016.194422049689,910.803183167264,0.0
2045-02-15 06:00:00,3182.3579072292164,1523.6038001720444,0.0
2045-02-15 07:00:00,3163.926017580905,1850.8342628583353,0.0
2045-02-15 08:00:00,3239.681084035465,2155.8365114627977,0.0
2045-02-15 09:00:00,3243.0909836204023,2680.1934197570117,0.0
2045-02-15 10:00:00,3264.195497267719,3084.523601780744,0.0
2045-02-15 11:00:00,3210.927336184099,3227.9889429842833,0.0
2045-02-15 12:00:00,3250.555898927969,3511.7763363591034,0.0
2045-02-15 13:00:00,3111.5794509796997,3249.081819833567,0.0
2045-02-15 14:00:00,3179.9617615749357,3167.29062432858,0.0
2045-02-15 15:00:00,3121.2561930450643,3254.120465237509,1895.3597604174024
2045-02-15 16:00:00,3156.829740066305,3151.6586257383183,4975.319371095682
2045-02-15 17:00:00,3099.6908821565394,2960.790609337901,8529.118921878307
2045-02-15 18:00:00,3069.646902029792,2501.129157394137,11372.158562504404
2045-02-15 19:00:00,3142.7293444853467,2150.901078534539,14215.198203130514
2045-02-15 20:00:00,3210.097901149925,2032.403773494677,13030.598352869642
2045-02-15 21:00:00,3137.6605748320612,1812.5799661881697,13504.43829297399
2045-02-15 22:00:00,3069.9233803745165,1493.8598412698063,12082.918472660936
2045-02-15 23:00:00,3069.0939453403425,1166.7701228685412,8292.19895182613
2045-02-16 00:00:00,2953.343404803419,1023.32016239561,4462.263653791731
2045-02-16 01:00:00,2976.413481368455,890.1492864595978,2574.382877187537
2045-02-16 02:00:00,2936.9982088565307,802.5404259453483,0.0
2045-02-16 03:00:00,2952.876399204937,852.1584071316593,0.0
2045-02-16 04:00:00,2876.194079934108,969.2406188682947,0.0
2045-02-16 05:00:00,2926.9108879293085,1185.8291906951902,0.0
2045-02-16 06:00:00,3027.130289363656,1834.513315305328,0.0
2045-02-16 07:00:00,3154.062411031204,2534.856923869933,0.0
2045-02-16 08:00:00,3178.907108870473,3273.718687311869,0.0
2045-02-16 09:00:00,3218.882788100577,4124.0519098494815,0.0
2045-02-16 10:00:00,3259.5122751685553,4589.798458592595,0.0
2045-02-16 11:00:00,3195.8127115355396,5010.848264610385,0.0
2045-02-16 12:00:00,3146.870524814573,5220.447055436372,0.0
2045-02-16 13:00:00,3195.532508176451,4921.833335964426,0.0
2045-02-16 14:00:00,3074.764860408873,4495.929890915061,0.0
2045-02-16 15:00:00,3136.4095994085637,4452.855534495551,858.1276257291792
2045-02-16 16:00:00,3068.0399797907244,4200.804302000623,2574.382877187537
2045-02-16 17:00:00,3017.4165729152196,4246.379837308268,4633.889178937566
2045-02-16 18:00:00,3164.2431330781224,4017.7450471606626,6178.518905250089
2045-02-16 19:00:00,3267.077765863972,3443.596053417045,7723.14863156261
2045-02-16 20:00:00,3307.894055171344,3047.6797152535737,8752.901782437624
2045-02-16 21:00:00,3165.830952112963,2369.387040562232,11155.659134479323
2045-02-16 22:00:00,3037.311011410575,1960.9242483004257,11327.284659625164
2045-02-16 23:00:00,2934.196175265636,1454.3341243083066,8238.02520700012
2045-02-17 00:00:00,2721.5455944987925,1184.432676656493,3964.718762884732
2045-02-17 01:00:00,2697.738416210258,1007.2170106749304,1632.531255305478
2045-02-17 02:00:00,2670.692761463358,924.4957120436763,0.0
2045-02-17 03:00:00,2716.469063834325,1023.4824345630982,0.0
2045-02-17 04:00:00,2775.46185121106,1097.2190228561258,0.0
2045-02-17 05:00:00,2846.7083332951283,1412.7682462865828,0.0
2045-02-17 06:00:00,3011.7831062810656,2219.843088737579,0.0
2045-02-17 07:00:00,3045.0431347723993,2836.1167635404186,0.0
2045-02-17 08:00:00,2991.9146155770313,3544.9639365867774,0.0
2045-02-17 09:00:00,2963.993696922464,4500.3019904983985,0.0
2045-02-17 10:00:00,3005.4812061458647,5342.556621187521,0.0
2045-02-17 11:00:00,3058.2596197781663,5581.271080346252,0.0
2045-02-17 12:00:00,3024.386906551465,5950.914456364784,0.0
2045-02-17 13:00:00,2973.7966526883315,5584.338274565162,0.0
2045-02-17 14:00:00,3008.0194714780987,5368.596790288482,0.0
2045-02-17 15:00:00,3051.3450349075997,5160.151510441637,3265.062510610956
2045-02-17 16:00:00,3031.038912249732,4993.965350944239,8629.093778043236
2045-02-17 17:00:00,3025.6122760221992,4708.205089548969,11660.937537896269
2045-02-17 18:00:00,3051.695140470666,4295.543540066203,11427.718787138348
2045-02-17 19:00:00,3154.1010176676677,3972.729093965699,12360.59379017004
2045-02-17 20:00:00,3073.4892117715667,3572.0110128808187,11427.71878713834
2045-02-17 21:00:00,2947.888841021397,3033.455082503632,11194.50003638042
2045-02-17 22:00:00,2958.129428741097,2233.320154244919,10961.281285622488
2045-02-17 23:00:00,2892.834741229163,1714.5305866118313,6530.125021221912
2045-02-18 00:00:00,2728.269876242438,323.1155290325557,2672.721597965491
2045-02-18 01:00:00,2729.209598456825,278.89343537982256,1425.451518914928
2045-02-18 02:00:00,2686.922098809405,253.86125700551736,0.0
2045-02-18 03:00:00,2699.2239168886545,281.96382182437105,0.0
2045-02-18 04:00:00,2765.94419411014,305.6313840010989,0.0
2045-02-18 05:00:00,2862.2230064387104,399.1928820474797,0.0
2045-02-18 06:00:00,3004.8044951489,629.6850866694887,0.0
2045-02-18 07:00:00,3025.990959618719,808.1640920357228,0.0
2045-02-18 08:00:00,3002.156187090173,1041.0955481109013,0.0
2045-02-18 09:00:00,3030.262424229569,1292.0911111015068,0.0
2045-02-18 10:00:00,3000.105884076964,1463.550871901453,0.0
2045-02-18 11:00:00,3033.594166626033,1552.6688384544743,0.0
2045-02-18 12:00:00,2921.254647360665,1644.3881046341248,0.0
2045-02-18 13:00:00,2872.9016679658366,1512.9158628488055,0.0
2045-02-18 14:00:00,2826.0009865386983,1442.89399421063,0.0
2045-02-18 15:00:00,2901.1787636896665,1406.927828553239,1425.451518914928
2045-02-18 16:00:00,2902.289344488488,1350.0233331142729,4810.898876337881
2045-02-18 17:00:00,2883.0677537396605,1330.829153410227,7661.801914167737
2045-02-18 18:00:00,2948.5920208701073,1203.4806111969606,8730.890553353931
2045-02-18 19:00:00,2968.497045956671,1078.0212095322138,9978.1606324045
2045-02-18 20:00:00,2945.174849181427,936.93695240521,10512.704951997592
2045-02-18 21:00:00,2937.059066420811,766.922831889572,9621.797752675762
2045-02-18 22:00:00,2789.6081080542517,607.7659389959065,8552.709113489565
2045-02-18 23:00:00,2759.109850732779,459.4065717655697,5701.8060756597115
2045-02-19 00:00:00,2684.934864185468,247.63310321444024,2758.5175676622607
2045-02-19 01:00:00,2700.998872315245,205.43225714838664,1072.7568318686576
2045-02-19 02:00:00,2658.766076748252,180.92166473628473,0.0
2045-02-19 03:00:00,2728.6358755492693,192.3091946271247,0.0
2045-02-19 04:00:00,2750.313649960957,215.72366116738095,0.0
2045-02-19 05:00:00,2898.603445438519,259.53824810031836,0.0
2045-02-19 06:00:00,2915.0992817438273,392.3826141798216,0.0
2045-02-19 07:00:00,3027.547338652264,537.1351699392916,0.0
2045-02-19 08:00:00,3064.511830477772,679.1047839019096,0.0
2045-02-19 09:00:00,3036.0111708926843,836.3318610417997,0.0
2045-02-19 10:00:00,2955.4320333384812,977.1962147503068,0.0
2045-02-19 11:00:00,2984.1917898288884,1114.4646666403428,0.0
2045-02-19 12:00:00,2942.995381883171,1157.9108334885766,0.0
2045-02-19 13:00:00,2936.777056155516,1110.113655887934,0.0
2045-02-19 14:00:00,2960.441240174649,1052.9811396120729,0.0
2045-02-19 15:00:00,2958.886658742735,1041.407877281837,1532.5097598123675
2045-02-19 16:00:00,2897.912520357669,978.898254645756,4750.780255418342
2045-02-19 17:00:00,2783.2189569364673,965.0231279846444,7815.799775043081
2045-02-19 18:00:00,2866.216332273647,868.789366024782,8735.305630930503
2045-02-19 19:00:00,2999.478507242708,762.6904712183097,8428.803678968026
2045-02-19 20:00:00,2975.4688606831496,715.5022524353587,7509.297823080609
2045-02-19 21:00:00,2941.872628626789,612.6795560680692,7509.297823080607
2045-02-19 22:00:00,2868.2027418810917,513.5958668414088,6896.293919155657
2045-02-19 23:00:00,2754.7182973513795,354.6880633646889,4137.776351493395
2045-02-20 00:00:00,2957.7919519507145,856.9707036280291,4031.036824910795
2045-02-20 01:00:00,2974.3889334605797,723.8648907581941,1860.4785345742132
2045-02-20 02:00:00,2906.8563880066445,647.89771383003,0.0
2045-02-20 03:00:00,2973.1489290949007,719.7291418709879,0.0
2045-02-20 04:00:00,3052.2230536447773,744.9789771823548,0.0
2045-02-20 05:00:00,3204.457435769752,976.1455728778,0.0
2045-02-20 06:00:00,3274.6607598574597,1525.3294909000288,0.0
2045-02-20 07:00:00,3350.110256261504,1820.0886675111255,0.0
2045-02-20 08:00:00,3282.3869409051563,2432.0706673206782,0.0
2045-02-20 09:00:00,3332.464040288371,3132.982151754876,0.0
2045-02-20 10:00:00,3198.4481838437664,3571.567437693437,0.0
2045-02-20 11:00:00,3353.4487295537187,3906.5522140074736,0.0
2045-02-20 12:00:00,3287.537728270286,4232.52541116728,0.0
2045-02-20 13:00:00,3264.5499550296113,3915.48760831378,0.0
2045-02-20 14:00:00,3235.076005106918,3817.415941938464,0.0
2045-02-20 15:00:00,3268.079198224237,3729.465976787104,2480.6380460989512
2045-02-20 16:00:00,3297.076223390899,3424.6395167005685,7751.993894059223
2045-02-20 17:00:00,3255.202229811411,3372.365827476216,13333.429497781866
2045-02-20 18:00:00,3298.03007290296,3002.3251375682544,16434.227055405554
2045-02-20 19:00:00,3371.4764853316765,2849.8357226770645,19224.94485726688
2045-02-20 20:00:00,3198.0666440389423,2594.485879541163,18914.86510150452
2045-02-20 21:00:00,3065.95848661846,2130.80312798708,17364.466322692664
2045-02-20 22:00:00,3015.309077528007,1732.3346062544244,13643.509253544236
2045-02-20 23:00:00,2989.459755751147,1233.323852363833,8682.233161346327
2045-02-21 00:00:00,2929.4292854792247,337.2357175857155,3476.58321302502
2045-02-21 01:00:00,2970.744726914673,275.3951329124876,1738.2916065125098
2045-02-21 02:00:00,3013.1245005650862,239.78265613568712,0.0
2045-02-21 03:00:00,2907.658853809492,256.5461868707125,0.0
2045-02-21 04:00:00,2929.3325280051367,284.4586686687453,0.0
2045-02-21 05:00:00,3091.594812050211,356.24508018954845,0.0
2045-02-21 06:00:00,3294.495235212119,523.8402833992884,0.0
2045-02-21 07:00:00,3290.8184511967866,716.677032648801,0.0
2045-02-21 08:00:00,3271.660471327422,922.9526793846944,0.0
2045-02-21 09:00:00,3383.7056263209797,1067.3957622754633,0.0
2045-02-21 10:00:00,3211.477322444872,1258.5762105217302,0.0
2045-02-21 11:00:00,3285.7870625442265,1455.6399361814629,0.0
2045-02-21 12:00:00,3102.5284066221216,1516.7746879816368,0.0
2045-02-21 13:00:00,3216.315196149257,1425.2329768434342,0.0
2045-02-21 14:00:00,3192.8998874200342,1401.9525232748151,0.0
2045-02-21 15:00:00,3245.439195849656,1362.9151528980838,1352.0045828430634
2045-02-21 16:00:00,3201.898332510189,1318.7564837776615,5021.731307702807
2045-02-21 17:00:00,3207.510266007276,1297.1523832825471,8498.314520727827
2045-02-21 18:00:00,3233.7315414850427,1127.9650456943848,9077.745056231995
2045-02-21 19:00:00,3307.460736739871,988.2662826264716,9464.032079901444
2045-02-21 20:00:00,3334.0690421139893,893.1673342246391,10622.893150909782
2045-02-21 21:00:00,3190.190678145578,823.3540464171456,11009.18017457923
2045-02-21 22:00:00,3116.945270261189,700.8599596299164,9657.175591736168
2045-02-21 23:00:00,3069.34059301004,486.7840575639691,7146.309937884762
2045-02-22 00:00:00,2883.7742724669024,994.11359531901,3006.4955199117685
2045-02-22 01:00:00,2896.700413870151,855.5470812061226,1387.6133168823549
2045-02-22 02:00:00,2864.815931742138,765.6558480544222,0.0
2045-02-22 03:00:00,2874.007854517781,826.5947712318055,0.0
2045-02-22 04:00:00,2944.5750116599593,956.6905221644348,0.0
2045-02-22 05:00:00,3108.401885296684,1166.310303550537,0.0
2045-02-22 06:00:00,3243.7912478462617,1895.5545128599672,0.0
2045-02-22 07:00:00,3155.8934863041736,2599.38643262862,0.0
2045-02-22 08:00:00,3303.347247496784,3035.9341667348153,0.0
2045-02-22 09:00:00,3300.187524042657,3780.198177026554,0.0
2045-02-22 10:00:00,3253.7491641865417,4302.035117720844,0.0
2045-02-22 11:00:00,3288.9848681598405,4492.880147879061,0.0
2045-02-22 12:00:00,3274.143742845001,4751.288996597426,0.0
2045-02-22 13:00:00,3244.269993824161,4503.930068803755,0.0
2045-02-22 14:00:00,3054.7823357720986,4126.273103195536,0.0
2045-02-22 15:00:00,3154.5529975660597,4209.362439942792,3469.0332922058865
2045-02-22 16:00:00,3115.2000781828365,4163.873177371793,8788.217673588248
2045-02-22 17:00:00,3104.6676666690782,3970.5501329100975,12025.98207964708
2045-02-22 18:00:00,3179.1605408300206,3667.916314632706,12257.25096579414
2045-02-22 19:00:00,3347.4876266589868,2955.145843269364,13876.133168823562
2045-02-22 20:00:00,3223.2051707966443,2695.219842936621,11794.713193500023
2045-02-22 21:00:00,3143.158843292085,2270.897822256263,10638.368762764729
2045-02-22 22:00:00,3108.114637709945,1829.9377055382615,9482.024332029425
2045-02-22 23:00:00,3009.39721706736,1507.290128881246,5550.453267529419
2045-02-23 00:00:00,2747.365696409924,500.4457691922671,3037.607507543727
2045-02-23 01:00:00,2772.2222142165556,424.2291642745219,2088.3551614363128
2045-02-23 02:00:00,2751.41838953057,374.4689315423364,0.0
2045-02-23 03:00:00,2743.8533623720296,424.1055363671129,0.0
2045-02-23 04:00:00,2719.447143801025,472.5676760715022,0.0
2045-02-23 05:00:00,2757.182219746601,611.5872579530991,0.0
2045-02-23 06:00:00,2899.3867183577354,1013.007073310632,0.0
2045-02-23 07:00:00,3015.563921149606,1292.9130184757032,0.0
2045-02-23 08:00:00,3073.9227020869175,1525.6672797549224,0.0
2045-02-23 09:00:00,3041.9514563573716,1826.3427133647335,0.0
2045-02-23 10:00:00,3023.309068002397,2049.8248815882657,0.0
2045-02-23 11:00:00,2967.742142325976,2163.9025331500657,0.0
2045-02-23 12:00:00,2943.245863907845,2307.17491504654,0.0
2045-02-23 13:00:00,2970.8041771282424,2114.4081004188097,0.0
2045-02-23 14:00:00,2909.6535409300395,2031.243607104669,0.0
2045-02-23 15:00:00,2943.966342684849,2095.159235235206,1139.1028153288976
2045-02-23 16:00:00,2932.528742099912,2064.332616522732,2847.757038322244
2045-02-23 17:00:00,2936.851614761936,1993.2218441809848,6265.065484308934
2045-02-23 18:00:00,2911.4547378725492,1696.020354769371,9682.373930295627
2045-02-23 19:00:00,3102.471673625695,1384.0082420501408,12340.280499396382
2045-02-23 20:00:00,2961.708132568568,1252.325976473277,10821.476745624524
2045-02-23 21:00:00,2953.512686480149,1109.91898992867,11580.878622510449
2045-02-23 22:00:00,2903.169231937005,951.1313056523492,9302.672991852663
2045-02-23 23:00:00,2887.4087586900464,748.5051654087406,6644.766422751901
2045-02-24 00:00:00,3014.481021268558,550.0621087133843,2066.3917123454644
2045-02-24 01:00:00,3034.125505595051,455.9007387848288,645.7474101079574
2045-02-24 02:00:00,3000.420755836905,400.9344549961456,0.0
2045-02-24 03:00:00,2980.6765533158605,429.68195450790256,0.0
2045-02-24 04:00:00,3063.642091182068,455.5014679582769,0.0
2045-02-24 05:00:00,3174.7281599115804,558.3802509332216,0.0
2045-02-24 06:00:00,3335.673325916459,866.8835095825389,0.0
2045-02-24 07:00:00,3381.344259020693,1068.3622231745442,0.0
2045-02-24 08:00:00,3279.033391411643,1348.4773260560007,0.0
2045-02-24 09:00:00,3253.704969995759,1797.5838062756673,0.0
2045-02-24 10:00:00,3263.377634867179,2114.045863400925,0.0
2045-02-24 11:00:00,3252.3089152720477,2335.4215731827803,0.0
2045-02-24 12:00:00,3290.201829201325,2558.208039885121,0.0
2045-02-24 13:00:00,3330.7871343834727,2451.709201416103,0.0
2045-02-24 14:00:00,3295.4868935125132,2354.3869374440087,0.0
2045-02-24 15:00:00,3240.24301373141,2336.9853839201087,1162.345338194323
2045-02-24 16:00:00,3346.9414819006897,2152.04313706114,3616.185496604563
2045-02-24 17:00:00,3303.8632218547755,2040.333814305616,5682.577208950027
2045-02-24 18:00:00,3333.4795256363423,1862.9111680133792,6457.474101079576
2045-02-24 19:00:00,3520.35142222441,1722.2280922777188,7232.37099320912
2045-02-24 20:00:00,3413.652954055128,1664.7064751991022,7619.819439273898
2045-02-24 21:00:00,3362.298083861503,1411.0630281180554,7232.370993209126
2045-02-24 22:00:00,3207.2362913351185,1138.254581362503,6199.175137036393
2045-02-24 23:00:00,3172.2352050478125,834.3429372185356,3616.185496604563
2045-02-25 00:00:00,2844.6562300177698,424.9316076795732,2529.5561618941365
2045-02-25 01:00:00,2929.4919328683022,351.5632866483776,1011.8224647576544
2045-02-25 02:00:00,2928.524593041044,317.7134431704089,0.0
2045-02-25 03:00:00,3013.5537638570268,336.50091610554955,0.0
2045-02-25 04:00:00,2939.9392030026893,377.8009643681429,0.0
2045-02-25 05:00:00,3072.5614933197694,444.63685946499385,0.0
2045-02-25 06:00:00,3249.294479759816,662.5283559196699,0.0
2045-02-25 07:00:00,3392.750976142186,933.2623193539888,0.0
2045-02-25 08:00:00,3392.073838263105,1160.4179834973725,0.0
2045-02-25 09:00:00,3335.0975224376057,1461.0931322472916,0.0
2045-02-25 10:00:00,3409.48595515375,1793.6152071019217,0.0
2045-02-25 11:00:00,3241.1688252108484,2008.861340988144,0.0
2045-02-25 12:00:00,3210.407418704042,2056.4076841317597,0.0
2045-02-25 13:00:00,3217.468999443026,2013.9847064523535,0.0
2045-02-25 14:00:00,3228.1097375428644,1900.601227548956,0.0
2045-02-25 15:00:00,3230.044417197381,1829.9700469712432,3035.467394272964
2045-02-25 16:00:00,3301.1438945008476,1730.169695051988,8853.44656662948
2045-02-25 17:00:00,3257.033198377881,1659.2091938279968,13659.60327422834
2045-02-25 18:00:00,3335.194256420332,1529.2193164336536,14924.3813551754
2045-02-25 19:00:00,3376.209465096073,1397.0105737012805,16189.159436122469
2045-02-25 20:00:00,3336.355064213041,1328.2635391161998,14418.470122796582
2045-02-25 21:00:00,3269.7053501149608,1137.2791590720813,11888.913960902446
2045-02-25 22:00:00,3322.6188386659765,872.6997126337571,9106.402182818892
2045-02-25 23:00:00,3161.363289462058,592.8851372807869,5312.067939977688
2045-02-26 00:00:00,2982.8828633977714,443.07581105018977,766.9700929405341
2045-02-26 01:00:00,3083.2577838162733,371.7113409042148,348.62276951842466
2045-02-26 02:00:00,2967.6976946570094,338.3394663755214,0.0
2045-02-26 03:00:00,2980.495258249853,372.85225969152054,0.0
2045-02-26 04:00:00,2938.377903440567,398.92225398145695,0.0
2045-02-26 05:00:00,3139.891777924904,490.4809866627438,0.0
2045-02-26 06:00:00,3363.7536365937603,781.9857368193638,0.0
2045-02-26 07:00:00,3483.8024234311115,979.7640085988162,0.0
2045-02-26 08:00:00,3350.765064589082,1197.2687662107858,0.0
2045-02-26 09:00:00,3300.9118691005397,1597.776897306598,0.0
2045-02-26 10:00:00,3304.4455247194596,1922.915933312991,0.0
2045-02-26 11:00:00,3260.609094203673,2056.4718865550026,0.0
2045-02-26 12:00:00,3294.035566274534,2186.479582368494,0.0
2045-02-26 13:00:00,3349.141493088497,2107.396796626395,0.0
2045-02-26 14:00:00,3268.0584222651787,2003.7386202057305,0.0
2045-02-26 15:00:00,3145.1445092503245,1967.1550592907704,488.0718773257945
2045-02-26 16:00:00,3212.3794702157147,1827.0730505853703,1743.113847592123
2045-02-26 17:00:00,3200.727957093872,1717.2881402768733,3207.3294795695047
2045-02-26 18:00:00,3200.345940270205,1562.579552718213,4044.0241264137217
2045-02-26 19:00:00,3337.394475760738,1472.7150844360756,4532.096003739516
2045-02-26 20:00:00,3349.8100225299154,1422.3035878189708,4392.646895932147
2045-02-26 21:00:00,3250.772160994248,1181.1361745582808,3765.125910798983
2045-02-26 22:00:00,3212.474974421632,888.4334596749901,2788.982156147396
2045-02-26 23:00:00,3095.004801144033,637.4313264677246,1743.1138475921225
2045-02-27 00:00:00,2839.611952582902,552.1735005902032,3743.992499115109
2045-02-27 01:00:00,2879.33183242219,466.0159627442284,1576.4178943642553
2045-02-27 02:00:00,2876.905504920695,405.9167920109341,0.0
2045-02-27 03:00:00,2849.4071265704188,410.2048777383371,0.0
2045-02-27 04:00:00,2934.2387251412047,479.2100726746994,0.0
2045-02-27 05:00:00,3043.8727826161607,564.1141700772789,0.0
2045-02-27 06:00:00,3112.888320436461,850.1624733698859,0.0
2045-02-27 07:00:00,3242.5620457941345,1234.9554953821369,0.0
2045-02-27 08:00:00,3163.481742041707,1491.2840660563577,0.0
2045-02-27 09:00:00,3095.3648440367747,1849.834003416902,0.0
2045-02-27 10:00:00,3087.9061335692168,2126.0131124815175,0.0
2045-02-27 11:00:00,3165.3688856539807,2305.1759312273803,0.0
2045-02-27 12:00:00,3129.423293039241,2495.316249435394,0.0
2045-02-27 13:00:00,3060.8570751266247,2399.223546811776,0.0
2045-02-27 14:00:00,3083.3230705108376,2207.704444116027,0.0
2045-02-27 15:00:00,3080.8068790278057,2207.024947454608,985.2611839776596
2045-02-27 16:00:00,3113.0680483995347,2198.719255253376,3349.888025524044
2045-02-27 17:00:00,3071.5508889295097,2076.5879766819726,6305.671577457021
2045-02-27 18:00:00,3170.4012686200444,2005.913726839406,8867.350655798939
2045-02-27 19:00:00,3118.4598872917463,1608.4939416236948,11034.925260549786
2045-02-27 20:00:00,3008.2866459275683,1456.985977292098,12217.238681322971
2045-02-27 21:00:00,2927.1394705997936,1281.7681974154468,12611.343154914037
2045-02-27 22:00:00,2911.053817904697,1051.042797061304,11034.925260549784
2045-02-27 23:00:00,2858.21379676103,883.1477481960628,6896.8282878436175
2045-02-28 00:00:00,2871.4193768317696,585.1559251217403,2867.6989296308543
2045-02-28 01:00:00,2858.180674489254,507.3413714353602,1433.8494648154272
2045-02-28 02:00:00,2792.8145816730853,469.9015454007306,0.0
2045-02-28 03:00:00,2818.556502894643,524.8714594727608,0.0
2045-02-28 04:00:00,2843.471005219793,593.4846999811386,0.0
2045-02-28 05:00:00,3004.082206555723,760.774092157057,0.0
2045-02-28 06:00:00,3081.583776519197,1212.2730112017834,0.0
2045-02-28 07:00:00,3163.406311830576,1653.7218752495023,0.0
2045-02-28 08:00:00,3133.619231559916,2022.4407043583385,0.0
2045-02-28 09:00:00,3108.3369875030294,2432.922390262161,0.0
2045-02-28 10:00:00,3049.314439559317,2820.654622550026,0.0
2045-02-28 11:00:00,3162.486957501233,2935.115785617758,0.0
2045-02-28 12:00:00,3119.46117488806,3009.6146936934447,0.0
2045-02-28 13:00:00,3096.2015103557237,2797.0088341158657,0.0
2045-02-28 14:00:00,3047.4757309006336,2629.140393783054,0.0
2045-02-28 15:00:00,3173.611144886264,2557.433608326901,1433.8494648154272
2045-02-28 16:00:00,3157.3385732569227,2552.5870545753846,3943.086028242424
2045-02-28 17:00:00,2967.7677105467405,2479.333496645342,6452.32259166942
2045-02-28 18:00:00,3085.077322970694,2235.7683910903984,8065.403239586775
2045-02-28 19:00:00,3160.9240551413536,1923.0189290367184,10395.408619911845
2045-02-28 20:00:00,3151.730511847941,1655.2845120564543,10753.870986115704
2045-02-28 21:00:00,3066.9660426826695,1391.6986181728246,10933.102169217633
2045-02-28 22:00:00,3085.5370001353645,1051.0913872560898,9140.790338198343
2045-02-28 23:00:00,2962.8031971682976,810.1121679908268,6093.860225465565
2045-03-01 00:00:00,2995.7596889174156,585.8540288313901,5004.898419764483
2045-03-01 01:00:00,2931.213599683689,563.0654493802901,4833.888223189389
2045-03-01 02:00:00,2968.5472104682863,540.3336993043806,4469.06647049585
2045-03-01 03:00:00,2879.46214944008,520.5570767383388,3671.018886478736
2045-03-01 04:00:00,2897.221872217407,531.866122401104,2639.2573671423206
2045-03-01 05:00:00,3007.694986482824,592.503065728594,1795.607064038513
2045-03-01 06:00:00,3034.4300530293376,723.3242874154558,1094.465258080617
2045-03-01 07:00:00,3006.9311274386373,1054.980521022983,587.1350082411644
2045-03-01 08:00:00,3052.4762229482344,1547.7480332935218,427.5254914377412
2045-03-01 09:00:00,3084.367338043005,2040.6292043144408,461.7275307527606
2045-03-01 10:00:00,3123.801561199113,2505.1525171156613,741.0441851587512
2045-03-01 11:00:00,3133.06335210987,3003.205161278848,1311.078173742406
2045-03-01 12:00:00,3159.4164891342907,3479.833130995492,1658.7989067784356
2045-03-01 13:00:00,3221.0026245717963,3725.222373064941,1464.9873506599918
2045-03-01 14:00:00,3221.575518854936,3633.6134202590233,1430.7853113449737
2045-03-01 15:00:00,3176.030423345339,3549.1081393518284,1613.196187691743
2045-03-01 16:00:00,3145.189614436324,3527.6834649052817,1670.1995865501085
2045-03-01 17:00:00,3052.4762229482344,3319.2901460843773,1789.9067241526757
2045-03-01 18:00:00,3109.1927569790532,2886.47762463905,1829.809103353532
2045-03-01 19:00:00,3202.479042750283,2339.5517178126556,2120.5264375311963
2045-03-01 20:00:00,3162.9493372136517,2021.648193001055,3123.7862574384294
2045-03-01 21:00:00,3103.1773670060884,1707.097601325651,3899.032481912197
2045-03-01 22:00:00,3101.7451312982394,1229.389873480403,4366.460352550793
2045-03-01 23:00:00,3103.559296528181,797.1456457869733,4856.689582732738
2045-03-02 00:00:00,3272.105318018932,957.5247049961074,5105.684366200687
2045-03-02 01:00:00,3284.928109433095,907.2884708337288,5192.961022033178
2045-03-02 02:00:00,3223.9416624632963,874.7177256075712,4778.396906828849
2045-03-02 03:00:00,3294.10213906274,879.1340978416266,3872.9016025667606
2045-03-02 04:00:00,3218.103643608068,875.3617798917043,2803.7625686187534
2045-03-02 05:00:00,3279.92409327147,961.6650539655342,1854.6289364404197
2045-03-02 06:00:00,3408.5690087599005,1261.4263193520349,1069.1390339480065
2045-03-02 07:00:00,3314.222454045939,1816.9691432942368,594.5722178588405
2045-03-02 08:00:00,3439.427108423252,2449.062419293396,414.56411520432914
2045-03-02 09:00:00,3517.510610611934,3242.44528959045,414.56411520432914
2045-03-02 10:00:00,3400.124731487159,4084.132231197478,561.8434719216566
2045-03-02 11:00:00,3421.6003008474645,4692.027467664214,954.5884231678634
2045-03-02 12:00:00,3448.4968877161964,5438.76240623906,1320.059419466417
2045-03-02 13:00:00,3395.6419670090368,5923.827289946124,1401.881284309376
2045-03-02 14:00:00,3302.963417682283,5855.741551337776,1505.5223131104594
2045-03-02 15:00:00,3371.455888894519,5825.010961209141,1669.1660427963784
2045-03-02 16:00:00,3338.200031487056,5671.726041585473,1849.1741454508904
2045-03-02 17:00:00,3353.3163303086303,5207.454910480415,1761.8974896183995
2045-03-02 18:00:00,3411.3837678508144,4767.197803398029,1576.4345959743569
2045-03-02 19:00:00,3605.393644450465,3857.149099918016,1636.437296859195
2045-03-02 20:00:00,3628.74571987138,3196.1653888877454,2356.4697074772403
2045-03-02 21:00:00,3497.4945459654364,2806.3285314774907,3196.5075198649606
2045-03-02 22:00:00,3479.563488052949,2154.9136269543405,3916.5399304830057
2045-03-02 23:00:00,3411.2795175141136,1457.3108294833614,4603.843595163868
2045-03-03 00:00:00,2964.0711908721337,835.4199200513237,11902.758911265564
2045-03-03 01:00:00,2934.784899055462,807.4219760434223,11237.534860336556
2045-03-03 02:00:00,2872.3883091658004,763.3675742327187,9740.780745746277
2045-03-03 03:00:00,2891.5083404473853,779.0206034475108,7412.496567494723
2045-03-03 04:00:00,2904.099580559649,795.8032327087308,5024.817384695942
2045-03-03 05:00:00,2989.3469395419374,873.6649501946808,3278.6042510072816
2045-03-03 06:00:00,3149.395591635599,1194.955477685928,1983.7931518775931
2045-03-03 07:00:00,3192.672150243676,1798.0005310434326,1128.5050863974334
2045-03-03 08:00:00,3213.8440873213344,2326.8954099246803,843.4090645707133
2045-03-03 09:00:00,3206.009537918148,2834.4892593589902,855.2880654801598
2045-03-03 10:00:00,3229.4199176824304,3551.381860252947,1176.0210900352197
2045-03-03 11:00:00,3226.248790543046,4170.725428566059,2031.3091555153812
2045-03-03 12:00:00,3176.3501723203717,4800.558140167429,3017.2662309994535
2045-03-03 13:00:00,3141.187968451309,5109.584438583172,3634.9742782906815
2045-03-03 14:00:00,3050.5310396430114,5055.444322072217,4050.739310121314
2045-03-03 15:00:00,3079.5375261238555,5126.447753561993,3991.344305574082
2045-03-03 16:00:00,3174.7646087506787,5079.488665917619,3516.184269196213
2045-03-03 17:00:00,3044.0955169189656,4423.19103894278,3207.330245550602
2045-03-03 18:00:00,3107.051717480283,3870.3325019337367,3017.266230999455
2045-03-03 19:00:00,3210.486423291397,3290.6863066808164,3421.1522619206426
2045-03-03 20:00:00,3161.054147295103,2872.8956609375527,5274.2764037943225
2045-03-03 21:00:00,3134.6591772819875,2504.323302931521,7555.044578408079
2045-03-03 22:00:00,3022.4572376149267,1817.3651032679172,9740.780745746266
2045-03-03 23:00:00,2903.913043669097,1232.6357078060726,11451.356876706588
2045-03-04 00:00:00,2826.307796531991,498.4523606220364,5639.663669224016
2045-03-04 01:00:00,2823.580226761163,481.2388365910558,5844.742348104889
2045-03-04 02:00:00,2813.0336236472954,459.14239313581413,5275.079351213574
2045-03-04 03:00:00,2843.6733240729304,449.327231868865,4215.506176995733
2045-03-04 04:00:00,2870.039831857601,486.07243359688977,2990.730733679404
2045-03-04 05:00:00,2923.045604404025,547.5774893752076,1845.7081099278607
2045-03-04 06:00:00,3134.3413426508355,710.4401150207611,1002.6068745287142
2045-03-04 07:00:00,3119.339708911281,1120.0134776375617,569.6629968913147
2045-03-04 08:00:00,3138.341778314716,1591.0425736142531,444.33713757522537
2045-03-04 09:00:00,3090.882064302309,1954.8447319309096,398.7640978239202
2045-03-04 10:00:00,3175.8913221597822,2349.3254345090845,563.9663669224014
2045-03-04 11:00:00,3130.0681500098717,2796.433157548741,934.247314901756
2045-03-04 12:00:00,3100.2467205154853,3123.342146882094,1236.1687032541536
2045-03-04 13:00:00,3136.9779934293024,3221.6910492252905,1298.8316329121983
2045-03-04 14:00:00,3088.0635755391204,3062.133025614337,1538.09009160655
2045-03-04 15:00:00,3102.4287763321477,3055.6224663819885,2039.3935288709083
2045-03-04 16:00:00,3159.9804984966195,3060.4560633878236,2181.8092780937372
2045-03-04 17:00:00,3162.526230282725,2753.6212983542105,1919.7642995237316
2045-03-04 18:00:00,3166.2539089695233,2253.3933306688073,1446.9440121039397
2045-03-04 19:00:00,3231.442826492313,1845.0530285126783,1538.09009160655
2045-03-04 20:00:00,3170.981696572292,1639.5265109278746,2267.2587276274335
2045-03-04 21:00:00,3046.877271999617,1318.980113571591,3019.2138835239684
2045-03-04 22:00:00,2972.8692122178168,911.7742270392798,3805.3488192339832
2045-03-04 23:00:00,2928.5007439456813,603.1638549422996,4807.955693762697
2045-03-05 00:00:00,2609.93145112207,250.5393410814806,6545.252553823253
2045-03-05 01:00:00,2677.0427574847463,237.06763704095823,5502.534776534714
2045-03-05 02:00:00,2645.190436952207,227.1785719620319,4271.374027447038
2045-03-05 03:00:00,2608.6539516354715,228.40550311326348,3065.33900793258
2045-03-05 04:00:00,2630.6269428049773,238.17187507706663,1878.1482855980355
2045-03-05 05:00:00,2709.2357445470448,265.70421011070243,1086.6878040416725
2045-03-05 06:00:00,2846.0985228780332,372.59445200599424,716.0832928367088
2045-03-05 07:00:00,2952.7271466928432,538.0829256841046,496.2331590710528
2045-03-05 08:00:00,2939.441152032212,723.8157633575352,389.4488083848769
2045-03-05 09:00:00,2949.490814660125,956.8836048454782,445.98169992461703
2045-03-05 10:00:00,2951.875480368444,1196.3805655658746,766.3347519831445
2045-03-05 11:00:00,2953.067813222604,1377.3038331264777,1407.0408561002005
2045-03-05 12:00:00,2956.218978622881,1553.6874554275234,1978.651203890906
2045-03-05 13:00:00,2845.587523083395,1581.7596401677008,2110.5612841503007
2045-03-05 14:00:00,2905.3744990562345,1564.2636019511397,2229.908499623085
2045-03-05 15:00:00,2981.6838017224236,1554.448152741288,2211.064202443173
2045-03-05 16:00:00,2894.217670206602,1464.4159448639168,1689.705313798901
2045-03-05 17:00:00,2907.844331396993,1344.4956941425462,1275.1307758408063
2045-03-05 18:00:00,2883.2311746218493,1177.8539051822788,1451.0108828533316
2045-03-05 19:00:00,2985.6014668146613,988.7592761544738,2185.938472869956
2045-03-05 20:00:00,2989.859798436659,804.6950648467183,3542.7278698237187
2045-03-05 21:00:00,2940.292818356612,632.9492422973275,4861.828672417656
2045-03-05 22:00:00,2909.5476640457923,450.602734601296,5891.983584919587
2045-03-05 23:00:00,2850.1013546027116,316.131080426319,6658.318336902733
2045-03-06 00:00:00,3083.575983949239,749.4889968707758,8273.35799040046
2045-03-06 01:00:00,3171.01455859379,730.0803688277509,7630.4385555636145
2045-03-06 02:00:00,3090.407122593345,707.5874239251755,6310.761820898513
2045-03-06 03:00:00,3071.377522084765,696.4537923346028,4788.0578962849295
2045-03-06 04:00:00,3054.885201643996,722.8585537419742,3324.5702354063205
2045-03-06 05:00:00,3148.959739542821,828.2519176500299,2081.028696971895
2045-03-06 06:00:00,3285.875275509679,1060.1022727996562,1201.244207195158
2045-03-06 07:00:00,3296.4147465605847,1579.922504494633,752.8924960589372
2045-03-06 08:00:00,3432.744756357948,2355.741035532305,592.1626373497259
2045-03-06 09:00:00,3153.448773508948,3048.433465843065,600.6221035975791
2045-03-06 10:00:00,3339.548507713365,3557.7971111117627,955.9196860074144
2045-03-06 11:00:00,3324.5200026963325,4086.343702702052,1776.4879120491794
2045-03-06 12:00:00,3318.5671533064697,4667.925498828518,2571.6777393473844
2045-03-06 13:00:00,3259.331422492583,4890.673357880448,2690.110266817328
2045-03-06 14:00:00,3319.1526794759643,4747.591146493493,2554.7588068516766
2045-03-06 15:00:00,3356.626354323629,4563.735770768091,2588.5966718430886
2045-03-06 16:00:00,3338.7678061540387,4594.202803161214,2546.299340603822
2045-03-06 17:00:00,3278.3610230011627,4366.941309680675,2258.677488176812
2045-03-06 18:00:00,3315.7371101539115,3658.451158869777,2123.32602821116
2045-03-06 19:00:00,3439.3807196122216,2796.948800928983,2808.542794287272
2045-03-06 20:00:00,3360.139511340597,2343.7046770560114,4466.598178866506
2045-03-06 21:00:00,3321.787547238691,2092.2952393824057,6141.5724959414465
2045-03-06 22:00:00,3316.029873238658,1565.403647082603,7292.059905649484
2045-03-06 23:00:00,3255.135151611204,1044.0036433376115,8053.411867956276
2045-03-07 00:00:00,2892.270970433625,653.9422829764378,8533.565484563887
2045-03-07 01:00:00,2910.275084912343,625.5951034961887,8394.808322213255
2045-03-07 02:00:00,2860.04360551672,600.2783574570351,7354.129604583515
2045-03-07 03:00:00,2927.559034811912,597.1216559558936,5654.354365788264
2045-03-07 04:00:00,2911.0852700638848,603.6244610482448,3919.889836405365
2045-03-07 05:00:00,3027.0317673068275,665.6852125606831,2497.628922311381
2045-03-07 06:00:00,3108.2303236058447,887.2856579408043,1404.916268800153
2045-03-07 07:00:00,3129.745240407913,1271.8981688398633,780.5090382223068
2045-03-07 08:00:00,3126.1444175121696,1714.9096575100368,659.0965211655039
2045-03-07 09:00:00,3109.940714481323,2239.364044909657,607.0625852840163
2045-03-07 10:00:00,3065.6505928636766,2796.9006640412385,910.593877926024
2045-03-07 11:00:00,3037.5641742768776,3275.9616838544457,1569.690399091529
2045-03-07 12:00:00,3077.1732261300567,3815.9470426396815,2176.7529843755447
2045-03-07 13:00:00,3041.525079462196,4052.699655225281,2384.8887279014943
2045-03-07 14:00:00,2970.408827271261,4025.3626202253968,2627.7137620151016
2045-03-07 15:00:00,2990.1233326254564,4009.2003085395545,2948.5896999509373
2045-03-07 16:00:00,2977.3404113455663,3887.1622285054314,2809.832537600307
2045-03-07 17:00:00,2901.0929865281964,3571.1764082411837,2679.7476978965883
2045-03-07 18:00:00,2939.351729795472,3164.466986834133,2176.7529843755447
2045-03-07 19:00:00,3097.7879372081893,2627.19639133988,2532.3182128990406
2045-03-07 20:00:00,3066.6408191600067,2239.174642819589,3937.2344816991936
2045-03-07 21:00:00,3031.6228164989006,1917.317357763219,5324.8061052055145
2045-03-07 22:00:00,2969.4186009749305,1402.2699408369997,6677.6884381241825
2045-03-07 23:00:00,2914.506051814841,931.1638088066688,7943.8475445737
2045-03-08 00:00:00,3151.9583486228944,878.2024510276791,6360.90400250624
2045-03-08 01:00:00,3061.802469337909,842.8497801891864,5930.760903976107
2045-03-08 02:00:00,3035.377470237137,812.0587442975956,5096.543985614633
2045-03-08 03:00:00,2936.380874341233,816.4449317465402,3832.183968723022
2045-03-08 04:00:00,3078.706696703844,860.3068062359861,2593.8932305302096
2045-03-08 05:00:00,3244.445845475593,976.8916686289324,1727.0897137952395
2045-03-08 06:00:00,3232.787757637018,1334.804564462807,1029.7365086024456
2045-03-08 07:00:00,3239.9769118041395,1997.6452117473088,593.0760903976109
2045-03-08 08:00:00,3252.5093562306083,2806.2827298347283,462.7296969036304
2045-03-08 09:00:00,3295.8385826973145,3612.0253642058465,482.2816559277274
2045-03-08 10:00:00,3323.6236920459196,4337.325320763319,729.9398035662899
2045-03-08 11:00:00,3322.943636922003,4939.285686256472,1257.8426972169111
2045-03-08 12:00:00,3296.227185625267,5535.71945556395,1779.2282711928317
2045-03-08 13:00:00,3239.6854596081757,5668.094592773096,2007.3344598072977
2045-03-08 14:00:00,3188.778476046395,5516.858849533487,2209.371369722968
2045-03-08 15:00:00,3119.898607066811,5414.309786977164,2065.9903368795894
2045-03-08 16:00:00,3117.9555924270485,5279.741556043544,1831.3668285904248
2045-03-08 17:00:00,3041.7894185483538,4874.282388263108,1772.710951518134
2045-03-08 18:00:00,3120.772963654704,4130.560444420072,1701.020435096444
2045-03-08 19:00:00,3248.429025487106,3291.482785436976,2085.542295903687
2045-03-08 20:00:00,3289.523785118086,2694.785844882557,3206.5212799519168
2045-03-08 21:00:00,3150.501087643072,2245.377078863697,4405.708100096536
2045-03-08 22:00:00,3110.377835331974,1649.1187570541751,5539.721723494163
2045-03-08 23:00:00,3053.738958582894,1149.1811116234742,6308.765445108653
2045-03-09 00:00:00,2833.907180973207,320.036888473007,8896.517935425392
2045-03-09 01:00:00,2852.3843974837237,296.9140984614531,8839.610571232908
2045-03-09 02:00:00,2930.984370308257,281.15565182739795,7739.401530178166
2045-03-09 03:00:00,2902.167571501699,287.1781868776406,5994.242361608577
2045-03-09 04:00:00,2986.224546093587,304.4344660630515,4372.3824821227145
2045-03-09 05:00:00,3114.416219189872,338.38533722711463,2911.7601345155604
2045-03-09 06:00:00,3133.659330685281,459.3977254387294,1612.3753187871182
2045-03-09 07:00:00,3149.264441002454,702.2962375169166,901.0332663810372
2045-03-09 08:00:00,3089.7161059271075,953.6512625412998,730.3111738035773
2045-03-09 09:00:00,3186.027400277266,1250.5653610027534,673.4038096110908
2045-03-09 10:00:00,3118.0542203681084,1605.5828805188798,967.4251912722711
2045-03-09 11:00:00,3205.55772239201,1836.1866837380228,1764.1282899670805
2045-03-09 12:00:00,3245.8629459719477,1981.0083685472305,2646.1924349506216
2045-03-09 13:00:00,3184.1126628150364,2047.4434831688204,2911.7601345155604
2045-03-09 14:00:00,3172.2412905492115,1970.7107697566585,2722.0689205406024
2045-03-09 15:00:00,3122.7453271505715,1961.973413207083,2684.1306777456125
2045-03-09 16:00:00,3169.177710609644,1871.1985196259616,2930.7292559130537
2045-03-09 17:00:00,3140.3609118030845,1660.191358953724,2997.1211808042885
2045-03-09 18:00:00,3152.9981790538027,1506.881956353502,2513.4085851681557
2045-03-09 19:00:00,3282.338694627425,1256.6815105874553,2883.3064524193173
2045-03-09 20:00:00,3238.4912067423625,972.6550130366256,4514.650892603928
2045-03-09 21:00:00,3193.207665760628,710.5343165493732,6297.748303968513
2045-03-09 22:00:00,3160.1784445371636,519.4358468722381,7644.555923190688
2045-03-09 23:00:00,3087.131210353097,397.4873133160262,8460.228143282995
2045-03-10 00:00:00,2764.3889848973995,884.979250955264,4405.8814284516175
2045-03-10 01:00:00,2828.5818121158673,854.6144301797254,4434.491048116888
2045-03-10 02:00:00,2793.070886420545,820.1952157210893,4043.492912691526
2045-03-10 03:00:00,2783.0549843013514,820.1952157210893,3251.960101952385
2045-03-10 04:00:00,2789.7929548179,833.3935611150027,2393.671511994277
2045-03-10 05:00:00,2905.157936499882,926.1270336539354,1625.9800509761917
2045-03-10 06:00:00,2966.2549394269627,1254.2741308986783,948.8857188981292
2045-03-10 07:00:00,3070.420321466575,1809.8123291784236,519.7414239190763
2045-03-10 08:00:00,3060.7686339698976,2445.5757641662694,362.3885157600899
2045-03-10 09:00:00,3113.1244859565904,3139.308402452871,357.6202458158782
2045-03-10 10:00:00,3131.5173243936547,3847.619605259544,457.753914644324
2045-03-10 11:00:00,3159.379743016139,4482.175348511997,820.1424304044134
2045-03-10 12:00:00,3176.3157229631393,5228.183786201941,1244.5184554392547
2045-03-10 13:00:00,3152.277557877075,5502.5023375264145,1401.871363598241
2045-03-10 14:00:00,3079.707794340736,5476.105646738587,1344.6521242677009
2045-03-10 15:00:00,3109.9376080095744,5442.462805538418,1330.3473144350658
2045-03-10 16:00:00,3085.444174645365,5312.290889202369,1497.2367624824751
2045-03-10 17:00:00,3030.1746056785432,4872.432306433982,1502.005032426687
2045-03-10 18:00:00,3069.2366239433973,4230.630412769182,1382.7982838213943
2045-03-10 19:00:00,3227.669984737913,3491.6093344054284,1411.4079034866652
2045-03-10 20:00:00,3204.5423562081382,2996.887041372147,2098.0387754531507
2045-03-10 21:00:00,3125.963051400284,2619.7421651486925,2984.936985076529
2045-03-10 22:00:00,3097.1900962215104,1911.7760171235575,3642.958237377744
2045-03-10 23:00:00,3031.44935685735,1267.9900584649015,4100.712152022068
2045-03-11 00:00:00,3159.9709975701567,556.8952629082924,4999.729484932129
2045-03-11 01:00:00,3146.0669279600024,534.8606275058183,5019.413459282255
2045-03-11 02:00:00,3103.171394056336,502.19236208324514,4487.94615182884
2045-03-11 03:00:00,3103.664446170171,507.3447395156644,3552.957370197832
2045-03-11 04:00:00,3157.0126848871446,532.0103761602245,2490.022755291001
2045-03-11 05:00:00,3228.5052413932576,596.6891566948491,1564.875960835057
2045-03-11 06:00:00,3336.582264745946,812.9793838047037,905.4628201058192
2045-03-11 07:00:00,3433.4176999031897,1200.8328169089434,516.7043266908204
2045-03-11 08:00:00,3441.2079233017876,1653.6939057030686,364.15352547734017
2045-03-11 09:00:00,3438.348221041543,2130.7273184088613,344.4695511272137
2045-03-11 10:00:00,3423.0636055126497,2666.1908836993243,418.28445494018786
2045-03-11 11:00:00,3457.1828117900486,3120.6415357438777,703.7020830170221
2045-03-11 12:00:00,3436.376012586202,3479.1702675040287,1062.9346149068313
2045-03-11 13:00:00,3405.806781528416,3539.354420916756,1313.9052878709442
2045-03-11 14:00:00,3380.168071608983,3498.1902139832787,1515.6660249597417
2045-03-11 15:00:00,3391.508270227193,3430.606369577184,1751.873717161259
2045-03-11 16:00:00,3409.258146325263,3328.6002589204572,1756.7947107487912
2045-03-11 17:00:00,3373.3639524380555,2997.58741515046,1481.2190698470197
2045-03-11 18:00:00,3294.968666338251,2591.7006610327526,1235.1693904704375
2045-03-11 19:00:00,3516.250455027513,2211.356543973635,1220.4064097078426
2045-03-11 20:00:00,3453.8300574159693,1801.9069756739357,1810.9256402116384
2045-03-11 21:00:00,3383.4222155602947,1411.2032912241025,2667.1785244421408
2045-03-11 22:00:00,3320.903207525985,969.414332657092,3513.58942149758
2045-03-11 23:00:00,3256.7078223046337,703.5187696287337,4389.5262800782075
2045-03-12 00:00:00,3281.993056774474,263.00038464768824,2711.452662399559
2045-03-12 01:00:00,3329.926386904442,249.3158117879712,2641.5143992821095
2045-03-12 02:00:00,3324.063297167515,239.1781594672617,2248.784152545665
2045-03-12 03:00:00,3279.4215261881022,237.9203862264788,1710.7975131806743
2045-03-12 04:00:00,3270.986905864803,241.7691723432743,1188.950472996632
2045-03-12 05:00:00,3412.4210881152458,263.981447775499,739.731629126864
2045-03-12 06:00:00,3527.1113522674245,352.07588555992794,400.80004632691896
2045-03-12 07:00:00,3640.258698067779,513.3224150282857,252.85372050154623
2045-03-12 08:00:00,3652.2934612119984,676.2040497096615,193.67519017139708
2045-03-12 09:00:00,3626.372432901372,874.1775578088777,188.29532377774717
2045-03-12 10:00:00,3593.456841395814,1110.160973244551,274.3731860761457
2045-03-12 11:00:00,3664.4310855796734,1306.927019032616,468.04837624754293
2045-03-12 12:00:00,3543.054841902929,1513.8810280710225,677.8631655998898
2045-03-12 13:00:00,3558.3811641977045,1618.7038499578618,774.7007606855883
2045-03-12 14:00:00,3561.5698621248052,1594.6049146644636,860.7786229839871
2045-03-12 15:00:00,3564.5528376049965,1612.2640509650544,890.3678881490619
2045-03-12 16:00:00,3522.3797359885,1556.1925198909555,919.957153314136
2045-03-12 17:00:00,3454.182744837923,1406.9451471396662,777.3906938824134
2045-03-12 18:00:00,3458.194332552663,1259.433501460656,637.5141676475153
2045-03-12 19:00:00,3685.517636387922,1057.133253413147,780.0806270792383
2045-03-12 20:00:00,3660.6252203118433,910.4517380730543,1188.9504729966318
2045-03-12 21:00:00,3537.500335836366,763.9463109866713,1673.1384484251248
2045-03-12 22:00:00,3480.206634372005,558.7280290205458,2135.8069582790176
2045-03-12 23:00:00,3406.6608596017745,369.7853327901499,2496.2580066535625
2045-03-13 00:00:00,2916.122364963391,502.116422921404,6685.956428797292
2045-03-13 01:00:00,2923.715021297683,472.7022975262838,6356.155887466478
2045-03-13 02:00:00,2966.7400738586707,459.9973727757865,5801.491340682848
2045-03-13 03:00:00,2826.637486737808,457.72333955196194,4677.17131341873
2045-03-13 04:00:00,2977.134781935379,487.2363359568137,3327.9872807017887
2045-03-13 05:00:00,3043.0281922651266,545.5702316983965,2293.6128556188005
2045-03-13 06:00:00,3206.4510809841713,749.3433827550101,1416.643234352788
2045-03-13 07:00:00,3175.086179222275,1136.5222568635493,757.0421516911729
2045-03-13 08:00:00,3246.583693036857,1552.571465813685,554.6645467836319
2045-03-13 09:00:00,3218.743953144453,1997.2932675859556,599.6373478741966
2045-03-13 10:00:00,3244.8663064850525,2436.428857308395,936.9333560534316
2045-03-13 11:00:00,3177.4362871352696,2787.371506350343,1663.9936403508946
2045-03-13 12:00:00,3274.784987992798,3118.095033902196,2188.6763197408163
2045-03-13 13:00:00,3227.6020522011268,3213.653864807686,2083.7397838628326
2045-03-13 14:00:00,3205.727970857096,3082.0565508550667,2053.757916469123
2045-03-13 15:00:00,3193.5254874626976,3105.0440606176403,2121.217118104969
2045-03-13 16:00:00,3234.019654578921,2971.370455460656,2076.244317014405
2045-03-13 17:00:00,3112.356375698482,2719.1505096356095,2256.135521376664
2045-03-13 18:00:00,3168.849354376249,2330.834618915158,2346.0811235577926
2045-03-13 19:00:00,3300.9977300992823,1873.111279363196,2713.3589991307367
2045-03-13 20:00:00,3269.0001069761943,1573.087200332971,4047.552098150822
2045-03-13 21:00:00,3224.2576678634027,1258.380776357618,5201.853992808651
2045-03-13 22:00:00,3193.1639323991603,928.1516038544208,5981.382545045109
2045-03-13 23:00:00,3171.0186847574755,627.2376857366124,6625.99269400987
2045-03-14 00:00:00,3017.6026128921058,350.4616579525215,6753.294868554836
2045-03-14 01:00:00,2986.6617355776534,334.558769749074,6195.171325699063
2045-03-14 02:00:00,3002.451622820722,320.45023397566155,5260.31439141565
2045-03-14 03:00:00,3033.575042184228,329.1053456970069,3990.583331418767
2045-03-14 04:00:00,3028.8289489088543,348.5617553795431,2720.8522714218875
2045-03-14 05:00:00,3125.576234906847,396.7981707046014,1785.995337138469
2045-03-14 06:00:00,3271.974958247205,554.2086172139456,1081.3643642830575
2045-03-14 07:00:00,3209.1804933730373,837.8570346833994,634.8655299984405
2045-03-14 08:00:00,3271.8836872226793,1163.4088589013172,488.3580999988002
2045-03-14 09:00:00,3334.8606941459007,1495.4696086007343,516.2642771415889
2045-03-14 10:00:00,3373.103253422466,1811.8033870016088,802.3025928551716
2045-03-14 11:00:00,3305.65396629745,2032.262452229046,1437.1681228536115
2045-03-14 12:00:00,3277.816303816896,2233.5465748217944,2037.1509314235668
2045-03-14 13:00:00,3303.280919659763,2270.031740899173,2190.634905708904
2045-03-14 14:00:00,3128.4056366671657,2207.8275233246263,2246.447259994481
2045-03-14 15:00:00,3307.844470886084,2163.355729764544,2155.7521842804176
2045-03-14 16:00:00,3284.57035963185,2100.412661189394,1946.4558557095029
2045-03-14 17:00:00,3166.1005697965725,1909.1206187952716,1848.7842357097436
2045-03-14 18:00:00,3158.3425327118266,1637.9271181931204,1848.784235709744
2045-03-14 19:00:00,3335.773404391165,1306.9218699231362,2330.1657914228463
2045-03-14 20:00:00,3318.066825633041,1023.3790025966252,3627.803028562517
2045-03-14 21:00:00,3238.3872212214874,834.1627796803863,4953.346442844973
2045-03-14 22:00:00,3235.557819461168,621.3736915068241,6013.781174270939
2045-03-14 23:00:00,3232.089520529165,459.1431218030719,6725.388691412046
2045-03-15 00:00:00,2902.094154707832,523.0977100957093,7358.305621664871
2045-03-15 01:00:00,2899.632368585321,510.245938335534,7372.593593745769
2045-03-15 02:00:00,2897.170582462812,487.5003422837951,6572.467157215222
2045-03-15 03:00:00,2944.9116490529213,477.4535207093723,5086.518060801347
2045-03-15 04:00:00,2967.859012552035,497.6491620467908,3493.409173780701
2045-03-15 05:00:00,2987.729143398011,552.626185687541,2221.7796585803644
2045-03-15 06:00:00,3039.1628891718865,740.7108454158222,1271.6295152003372
2045-03-15 07:00:00,3078.8152299308917,1097.3985108549762,721.5425900855845
2045-03-15 08:00:00,3080.397806723933,1488.0515730888778,528.6549669933985
2045-03-15 09:00:00,3115.1265752379177,1835.865396122195,500.0790228315933
2045-03-15 10:00:00,3121.3689614771397,2223.9175045474904,614.3827994788141
2045-03-15 11:00:00,3078.9910717967855,2682.3993621823192,971.5821015013812
2045-03-15 12:00:00,3098.685360776867,3140.11623340285,1450.2291662116202
2045-03-15 13:00:00,3015.336316343305,3259.4031149387633,1914.5882588409563
2045-03-15 14:00:00,3061.9344108051064,3209.933993480947,2414.6672816725504
2045-03-15 15:00:00,2929.965090451966,3229.9256384412206,2614.698890805189
2045-03-15 16:00:00,3003.642832261381,3184.9444372806074,2486.1071420770654
2045-03-15 17:00:00,3007.7751161098804,2887.0587275536855,2136.051826094949
2045-03-15 18:00:00,2976.3873430478748,2391.908521126926,1728.8446217892233
2045-03-15 19:00:00,3114.3352868413963,2027.6219906390984,1728.8446217892224
2045-03-15 20:00:00,3128.402636112884,1855.6020456110364,2543.2590304006753
2045-03-15 21:00:00,2903.5888105679273,1580.3089346529937,3757.736657277401
2045-03-15 22:00:00,3040.305861300195,1089.5446503348676,5200.821837448567
2045-03-15 23:00:00,2979.2008129021715,689.0997619979748,6572.467157215222
2045-03-16 00:00:00,2972.149020095015,405.55221200745586,7113.55815574036
2045-03-16 01:00:00,2955.664908783932,395.5008102012365,6502.577700646097
2045-03-16 02:00:00,3022.603150848275,369.994881507194,5396.994019999335
2045-03-16 03:00:00,3028.7050042065216,377.74200938155263,4116.844495039924
2045-03-16 04:00:00,2931.3485677891304,395.5802679230249,2843.9685469268734
2045-03-16 05:00:00,3124.6042816129884,439.16282832390453,1789.2999042046315
2045-03-16 06:00:00,3205.658751595662,635.6617743063572,1061.942219568602
2045-03-16 07:00:00,3135.8972639476533,932.9925692381564,661.895493018786
2045-03-16 08:00:00,3148.9206226077904,1201.2418379954397,501.87680239885947
2045-03-16 09:00:00,3170.322645580744,1472.987246511407,523.6975329379404
2045-03-16 10:00:00,3185.713887633634,1838.016020406832,821.9141836387124
2045-03-16 11:00:00,3188.992495408213,2178.2937139652045,1527.4511377356612
2045-03-16 12:00:00,3132.709728611256,2490.1652719842605,2211.16736129353
2045-03-16 13:00:00,3117.5917038729144,2498.508332772031,2320.2710139889327
2045-03-16 14:00:00,3142.454479496813,2514.995810043101,2218.440938139889
2045-03-16 15:00:00,3110.943415885571,2533.8272901069267,2232.98809183261
2045-03-16 16:00:00,3095.461101394499,2444.914099425826,2152.9787465226477
2045-03-16 17:00:00,3039.906914103003,2135.545459643101,1891.1299800536756
2045-03-16 18:00:00,3026.792483004683,1790.3811161947492,1862.0356726682328
2045-03-16 19:00:00,3278.425629703703,1603.138994800633,2429.3746666843354
2045-03-16 20:00:00,3238.3537569032815,1392.2979300353936,3840.448574878232
2045-03-16 21:00:00,3231.5233240395723,1133.2260281446584,5295.163944150291
2045-03-16 22:00:00,3101.745099629111,753.4975757183979,6284.37039525529
2045-03-16 23:00:00,3119.777442389301,522.2358764535666,6953.539465120437
2045-03-17 00:00:00,2852.832133404849,654.5809962241048,3915.464729328018
2045-03-17 01:00:00,2865.358192347025,630.309946425126,3836.5239081722098
2045-03-17 02:00:00,2902.49218268624,608.7425072366665,3354.98489912179
2045-03-17 03:00:00,2888.98891347198,572.550992473126,2612.941180257205
2045-03-17 04:00:00,2837.1967690514953,581.214835565926,1839.321132930299
2045-03-17 05:00:00,3026.5090499435246,623.7967026816032,1176.2182352215218
2045-03-17 06:00:00,3118.5444901144037,799.9000665395104,674.9440208821486
2045-03-17 07:00:00,3160.47569451658,1130.2321265883966,394.7041057790341
2045-03-17 08:00:00,3166.605468041474,1475.0653708209768,288.133997218695
2045-03-17 09:00:00,3237.408794118877,1860.575665602732,280.2399151031142
2045-03-17 10:00:00,3248.2469444092712,2342.1255827536115,374.9689004900824
2045-03-17 11:00:00,3175.133848597849,2982.5740689681834,655.2088155931968
2045-03-17 12:00:00,3191.746423223287,3676.2959733491225,982.8132233897948
2045-03-17 13:00:00,3219.552497328968,3945.182337704391,1148.588947816989
2045-03-17 14:00:00,3130.3598506768813,3907.94624611406,1223.5827279150062
2045-03-17 15:00:00,3168.3822139907184,4033.479802416118,1286.7353848396515
2045-03-17 16:00:00,3157.0998772130138,3900.019751369583,1306.470590128603
2045-03-17 17:00:00,3178.865015091262,3591.0093477263817,1152.53598887478
2045-03-17 18:00:00,3138.4440447459447,3061.9619078043365,1002.5484286787467
2045-03-17 19:00:00,3140.842651777425,2673.809448107757,1105.1714961812954
2045-03-17 20:00:00,3205.782716222321,2589.567399311808,1681.4394906186844
2045-03-17 21:00:00,3116.234720380385,2192.136639565491,2415.589127367688
2045-03-17 22:00:00,3078.301194364009,1498.660517967325,3062.9038608453047
2045-03-17 23:00:00,3028.463470487694,864.7252754962759,3599.701444704792
2045-03-18 00:00:00,2881.4682913919746,584.8464351641023,7543.454874090286
2045-03-18 01:00:00,2948.3506019435963,562.6370768667311,7576.039992336893
2045-03-18 02:00:00,2879.149704626185,540.3720560172362,7054.678100391128
2045-03-18 03:00:00,2956.198126381653,515.7135454264206,5702.395693156799
2045-03-18 04:00:00,2897.430869510295,523.673290380115,4113.871178634548
2045-03-18 05:00:00,3023.883024659893,570.6524843725489,2818.612728331789
2045-03-18 06:00:00,3086.7523965784167,738.9760419947289,1694.4261488237348
2045-03-18 07:00:00,3140.9716563322645,1031.204440644347,896.0907517817831
2045-03-18 08:00:00,3164.4250532323663,1392.0091035104097,619.1172466855953
2045-03-18 09:00:00,3151.762002434593,1817.660639600624,627.2635262472479
2045-03-18 10:00:00,3177.0881040301397,2282.999575355062,806.4816766036047
2045-03-18 11:00:00,3134.907660175584,2824.2622322062766,1384.8675254809382
2045-03-18 12:00:00,3107.9763831267987,3396.473268038293,1995.83849260488
2045-03-18 13:00:00,3149.5325920828723,3587.1731716142135,2248.37315901611
2045-03-18 14:00:00,3122.33378579188,3574.816085042745,2370.5673524408976
2045-03-18 15:00:00,3078.90487214036,3600.3651964675423,2427.591309372468
2045-03-18 16:00:00,3052.954535646332,3466.608083714203,2509.054104988993
2045-03-18 17:00:00,3090.497805969308,3229.4856116670844,2566.078061920562
2045-03-18 18:00:00,3138.118011082062,2783.3502563953352,2435.73758893412
2045-03-18 19:00:00,3317.0058977041313,2400.8928607531384,2411.298750249161
2045-03-18 20:00:00,3289.3612093427946,2196.945269771766,3502.9002115106055
2045-03-18 21:00:00,3152.8321194034193,1829.8507385157216,4871.475177868238
2045-03-18 22:00:00,3191.177977453015,1255.2462129423875,6044.539434746205
2045-03-18 23:00:00,3117.518259432163,765.8610546704945,7038.385541267821
2045-03-19 00:00:00,2959.4393756933787,196.17309235462525,4601.565358146175
2045-03-19 01:00:00,2970.389318764306,187.46501512510392,4146.152704144081
2045-03-19 02:00:00,2821.522235585744,180.66846704352645,3396.6193777656317
2045-03-19 03:00:00,2848.288763092456,179.74166503240218,2533.2328878866583
2045-03-19 04:00:00,2889.394501763478,187.42639837464048,1769.4679160706432
2045-03-19 05:00:00,2896.173037950242,210.19097277287895,1166.9949258803708
2045-03-19 06:00:00,2996.112994549977,287.34724019896987,706.8383900657524
2045-03-19 07:00:00,3081.366122745056,420.11162829251384,426.9493631269645
2045-03-19 08:00:00,3066.3316771000523,578.5175386938275,327.32784506400606
2045-03-19 09:00:00,3032.612804786402,753.0073256631925,336.81560868904967
2045-03-19 10:00:00,3146.109833759667,919.6579122884654,498.107590314792
2045-03-19 11:00:00,3094.8362908084987,1063.0805235099372,963.0080079419316
2045-03-19 12:00:00,3048.6031978423603,1210.8861359090174,1513.2982981944645
2045-03-19 13:00:00,3139.1574889527287,1245.5832862004804,1707.7974525078582
2045-03-19 14:00:00,3019.40334965322,1223.0890290554864,1532.2738254445512
2045-03-19 15:00:00,3056.772202990512,1212.0060216724594,1337.774671131156
2045-03-19 16:00:00,3008.3665022722053,1165.4728373639316,1252.384798505763
2045-03-19 17:00:00,3044.6055995783704,1078.6623823219636,1185.9704531304571
2045-03-19 18:00:00,3020.7938186146075,925.7014337360046,1209.6898621930663
2045-03-19 19:00:00,3211.548779254972,758.2012786005345,1546.5054708821162
2045-03-19 20:00:00,3284.2876867975624,635.4772456275027,2514.2573606365686
2045-03-19 21:00:00,3185.129868988606,523.1797352796186,3624.3257047666766
2045-03-19 22:00:00,3028.1806849719787,376.9960264000056,4354.88350389504
2045-03-19 23:00:00,3064.419782278144,254.8319363086952,4667.979703521483
2045-03-20 00:00:00,3167.509583385052,598.6025676593907,6837.212063337304
2045-03-20 01:00:00,3240.724751445556,575.2606855124071,6608.829196921027
2045-03-20 02:00:00,3156.997113256923,549.0594228024182,5966.502385125247
2045-03-20 03:00:00,3192.5348441325427,551.8604486600564,4753.218407288774
2045-03-20 04:00:00,3156.4389290023328,566.6241891180234,3304.4145984605134
2045-03-20 05:00:00,3231.421680535708,629.413852093409,2169.637230954635
2045-03-20 06:00:00,3252.8187436283583,853.8460489366553,1320.338446469103
2045-03-20 07:00:00,3375.340187511056,1253.108943060808,727.970386701884
2045-03-20 08:00:00,3374.688972547367,1689.2520109771942,520.9984140121326
2045-03-20 09:00:00,3250.86509873729,2156.964974497376,542.4093077386586
2045-03-20 10:00:00,3277.6579429576527,2670.07789879344,777.9291387304446
2045-03-20 11:00:00,3342.0351936538004,3110.7142790231196,1334.6123756201205
2045-03-20 12:00:00,3310.7768753967107,3568.565297336202,1805.6520376036924
2045-03-20 13:00:00,3260.912415319925,3737.210395848158,1912.7065062363224
2045-03-20 14:00:00,3253.842081428442,3695.253362688955,2126.815443501582
2045-03-20 15:00:00,3248.725392428025,3680.139493998785,2340.924380766843
2045-03-20 16:00:00,3167.0444298395587,3589.1061536255465,2219.595982983195
2045-03-20 17:00:00,3267.052442120425,3250.4154436728186,2098.2675851995477
2045-03-20 18:00:00,3230.2122813174274,2831.603723250566,2026.8979394444616
2045-03-20 19:00:00,3459.812071372477,2356.88819508629,2226.732947558704
2045-03-20 20:00:00,3404.365768749782,1999.1738511837689,3297.2776338850035
2045-03-20 21:00:00,3285.286461103728,1696.196220915923,4424.918036815373
2045-03-20 22:00:00,3274.7739909755987,1228.3081932796392,5424.0930773865875
2045-03-20 23:00:00,3239.050198681782,833.7136755848826,6423.2681179577985
2045-03-21 00:00:00,3104.0772494451685,846.0963310590105,4232.385165642734
2045-03-21 01:00:00,3133.794900668242,812.3729781347913,4382.056939673321
2045-03-21 02:00:00,3118.5245998859245,774.8003094921748,3916.4114204670486
2045-03-21 03:00:00,3181.7088983325207,778.9006675400328,3093.216663298814
2045-03-21 04:00:00,3122.730790520575,816.3896554061624,2191.0284698366604
2045-03-21 05:00:00,3124.2852522768585,918.6475642731498,1355.3610648325457
2045-03-21 06:00:00,3210.8779159945534,1278.3075416138304,731.7286730384293
2045-03-21 07:00:00,3231.543113460445,1866.5834003167113,432.3851249772536
2045-03-21 08:00:00,3264.0953714155653,2556.3640408981987,315.97374517568534
2045-03-21 09:00:00,3281.5602064420477,3310.0767947156737,286.8709002252933
2045-03-21 10:00:00,3294.8188508338812,4062.8690599917936,361.7067872405874
2045-03-21 11:00:00,3272.507752684866,4700.181853715998,582.0568990078413
2045-03-21 12:00:00,3242.24146790075,5308.20637566979,843.9825035613699
2045-03-21 13:00:00,3221.1190758006587,5377.7451009304,1022.7571225423504
2045-03-21 14:00:00,3217.5529576538897,5318.833834283624,1243.1072343096048
2045-03-21 15:00:00,3235.474987314574,5244.274262433801,1488.4026417486232
2045-03-21 16:00:00,3077.1027660273016,5034.570236557639,1613.1291201074455
2045-03-21 17:00:00,2979.811747869301,4612.902803840168,1342.8884169966627
2045-03-21 18:00:00,3074.8167928562957,3937.0131721555063,1001.9693761492134
2045-03-21 19:00:00,3198.807977651644,3290.4954930177414,1014.4420239850956
2045-03-21 20:00:00,3179.6058030151953,2715.775920105736,1471.772444634112
2045-03-21 21:00:00,3125.0167636915803,2188.838070567749,2120.350132099995
2045-03-21 22:00:00,3156.8375102319787,1536.630098628878,2835.4486080239144
2045-03-21 23:00:00,3036.6867603639216,1073.9590854328292,3592.1225767341066
2045-03-22 00:00:00,3094.2939497294024,783.6649263683524,14713.899794899044
2045-03-22 01:00:00,3059.662634368464,766.7478665410033,15265.308268475148
2045-03-22 02:00:00,3091.759951044456,723.6212774036749,13988.362329667338
2045-03-22 03:00:00,3013.0182882048152,735.0581629207566,10999.147972912702
2045-03-22 04:00:00,3028.4099839207875,766.9067121731853,7647.164883542207
2045-03-22 05:00:00,3074.866626478145,884.4524799876336,4890.122515661717
2045-03-22 06:00:00,3154.546807349247,1206.4325764199136,2757.042367880492
2045-03-22 07:00:00,3192.744491229741,1744.6015782514696,1480.0964290726856
2045-03-22 08:00:00,3253.935866881047,2538.5120478955387,1131.8384457614652
2045-03-22 09:00:00,3213.204184315607,3331.4694437465237,1015.752451324392
2045-03-22 10:00:00,3290.4442183049096,3998.0651391969736,1247.9244401985395
2045-03-22 11:00:00,3295.9814746905327,4569.035764074046,1915.418908211712
2045-03-22 12:00:00,3168.7184296243195,5103.5513163654205,2698.999370661957
2045-03-22 13:00:00,3181.482274852199,5113.161477112416,3482.5798331121987
2045-03-22 14:00:00,3222.1201056144932,5105.5368867676925,4599.907529569032
2045-03-22 15:00:00,3215.175072181677,4825.730305679654,5427.020239933177
2045-03-22 16:00:00,3209.168556780321,4743.9248051060795,5267.401997582202
2045-03-22 17:00:00,3134.087114263381,4439.417728213789,4774.036521224643
2045-03-22 18:00:00,3283.217629462654,3742.482517016636,3627.687326158545
2045-03-22 19:00:00,3391.710313899632,3041.099628118398,3395.515337284399
2045-03-22 20:00:00,3278.2434838959057,2363.384738415229,4904.633264966355
2045-03-22 21:00:00,3262.476380967349,1956.422228765747,6994.181164833673
2045-03-22 22:00:00,3259.285419660379,1375.8414431416825,9751.22353271416
2045-03-22 23:00:00,3052.717600935647,1023.2835625144284,12769.459388078069
2045-03-23 00:00:00,3026.466493906074,1029.3896149998127,6756.992501773519
2045-03-23 01:00:00,2970.69482854263,984.7164748910828,6784.572063005245
2045-03-23 02:00:00,2922.8905439453924,954.2985839855878,6012.34434851684
2045-03-23 03:00:00,2957.1313112858747,944.6612324115694,4757.474312473186
2045-03-23 04:00:00,2985.396543051701,994.7553827806844,3392.2860315026187
2045-03-23 05:00:00,3043.82400200388,1102.8744207517004,2137.415995458969
2045-03-23 06:00:00,3006.5480419905584,1490.7778216059305,1199.7109135801963
2045-03-23 07:00:00,3190.6514475525405,2288.870998829306,682.5941404852844
2045-03-23 08:00:00,3151.9527409738225,3068.2918073780233,524.0116634028448
2045-03-23 09:00:00,3184.7707617489114,3779.1468750407585,482.6423215552517
2045-03-23 10:00:00,3105.191803857874,4576.13577239628,668.8043598694201
2045-03-23 11:00:00,3174.432136707048,5353.548799367075,1179.0262426563995
2045-03-23 12:00:00,3197.6703306084833,6137.58750554501,1696.1430157513112
2045-03-23 13:00:00,3103.9587568345332,6457.125943671048,1854.7254928337509
2045-03-23 14:00:00,3212.1823455755016,6208.462195245597,1930.569286221005
2045-03-23 15:00:00,3275.447142850021,6344.991342544187,2289.1035822334784
2045-03-23 16:00:00,3147.3051021935357,6225.427949579028,2406.316717468325
2045-03-23 17:00:00,3200.9900725944017,5587.6561313526,2171.890446998632
2045-03-23 18:00:00,3209.147152902661,4714.271144957203,1771.9868091385663
2045-03-23 19:00:00,3295.4604445365617,3842.191216587457,1930.5692862210065
2045-03-23 20:00:00,3208.1986551923987,3457.0987099423155,2951.0130517949647
2045-03-23 21:00:00,3218.2527309211823,2942.7050696790975,4095.564842911701
2045-03-23 22:00:00,3244.336417953405,2147.121619428122,5060.849486022203
2045-03-23 23:00:00,3090.9643382039344,1378.1412750845936,6039.923909748572
2045-03-24 00:00:00,2823.8933770883405,819.3328553809515,5875.860696940523
2045-03-24 01:00:00,2915.2546334059043,786.7485302514642,5643.758091448068
2045-03-24 02:00:00,2901.382566440858,762.1473647787016,5130.689174043698
2045-03-24 03:00:00,2751.2638290293103,762.1473647787016,4092.335412630093
2045-03-24 04:00:00,2771.6743224619568,799.1305738006693,2791.339229211868
2045-03-24 05:00:00,2920.202631813819,904.377943968912,1826.281027427458
2045-03-24 06:00:00,2942.6453388782884,1182.1593156977883,1123.8652476476666
2045-03-24 07:00:00,3084.8119359914026,1829.2840127694003,623.012256848163
2045-03-24 08:00:00,3071.9117972850536,2605.116794102488,439.773357775174
2045-03-24 09:00:00,3057.1561591757372,3286.3735717472377,476.4211375897718
2045-03-24 10:00:00,3116.532140070711,3907.349347902438,708.5237430822245
2045-03-24 11:00:00,3067.1405131059937,4453.869941136756,1172.7289540671309
2045-03-24 12:00:00,3106.9895717125905,5001.530985750612,1490.3430457936456
2045-03-24 13:00:00,3019.2509570865363,5290.228106397866,1526.9908256082438
2045-03-24 14:00:00,3107.9614999712885,5059.775466919568,1862.928807242057
2045-03-24 15:00:00,3054.152017285218,4993.547826093889,2088.9234494320767
2045-03-24 16:00:00,3102.83678733452,5006.0113304559145,1911.79251366152
2045-03-24 17:00:00,3056.979444946884,4588.687586360008,1777.4173210079944
2045-03-24 18:00:00,3162.3894824583476,3906.290357335727,1759.093431100696
2045-03-24 19:00:00,3256.931594895285,3011.117485215895,1966.764183383417
2045-03-24 20:00:00,3195.258329025208,2532.9425139406735,2846.310898933765
2045-03-24 21:00:00,3165.8354099210023,2218.015011564181,3701.425761274382
2045-03-24 22:00:00,3191.1939017615637,1693.0815337281456,4568.756550219863
2045-03-24 23:00:00,3125.367851513416,1148.0272351246515,5521.598825399407
2045-03-25 00:00:00,3344.143775025556,683.2022699765104,8326.871575785186
2045-03-25 01:00:00,3320.385700164405,666.4000193627436,7923.366785769165
2045-03-25 02:00:00,3290.7854757472332,639.8243480732399,7098.016078918212
2045-03-25 03:00:00,3224.3797091271304,627.0385717097761,5649.067060224313
2045-03-25 04:00:00,3305.1961113187513,676.3073225134905,3998.365646522403
2045-03-25 05:00:00,3435.670784736548,749.4740951065068,2696.1456423797863
2045-03-25 06:00:00,3426.3233454469146,1099.7106497329144,1623.1897234735452
2045-03-25 07:00:00,3474.1316026470176,1628.5464260227868,889.54465071714
2045-03-25 08:00:00,3567.2165189062825,2081.270015269421,678.6216922996739
2045-03-25 09:00:00,3610.448425620836,2494.8329805756016,715.3039459374943
2045-03-25 10:00:00,3513.371373831624,3001.979795913839,1146.3204261818817
2045-03-25 11:00:00,3545.405827230472,3635.578608899108,2035.865076899023
2045-03-25 12:00:00,3556.408542227644,4266.968361046714,2677.804515560877
2045-03-25 13:00:00,3342.488499318017,4212.4112524800985,2549.4166278285047
2045-03-25 14:00:00,3382.701962095293,4165.753209939083,2531.075501009595
2045-03-25 15:00:00,3404.61002293037,4328.822064501376,2668.6339521514224
2045-03-25 16:00:00,3400.617887400423,4113.0704560226095,2631.9516985136015
2045-03-25 17:00:00,3428.270728632255,3661.752632763584,2760.3395862459724
2045-03-25 18:00:00,3409.381111734455,2867.561791003705,2741.9984594270622
2045-03-25 19:00:00,3610.448425620836,2566.192339755982,3283.06170058491
2045-03-25 20:00:00,3503.244981267855,2464.106952560784,4952.104241105729
2045-03-25 21:00:00,3528.463593518011,1994.781936412899,6364.3710061618085
2045-03-25 22:00:00,3499.934429852776,1284.200700296823,7354.7918543829555
2045-03-25 23:00:00,3434.0155090290086,776.1167076335156,8180.142561233907
2045-03-26 00:00:00,2959.8286935740216,123.93886572766104,4338.372588469956
2045-03-26 01:00:00,3038.364485634151,119.03428061774176,4145.983560156431
2045-03-26 02:00:00,2971.388456225569,114.73050718378757,3655.391537956946
2045-03-26 03:00:00,2964.505544112434,117.18279973874722,2895.4548761185283
2045-03-26 04:00:00,3034.217089873673,122.72498091295608,2121.089037156596
2045-03-26 05:00:00,3157.5800531321693,137.4755206310384,1452.537163767102
2045-03-26 06:00:00,3183.2586098619417,197.28693604650445,860.9409017030173
2045-03-26 07:00:00,3155.638718946413,294.88817973389854,480.9725707838087
2045-03-26 08:00:00,3194.8183725134886,388.7251543494297,355.91970238001886
2045-03-26 09:00:00,3228.7917207642195,485.98307707913006,365.539153795695
2045-03-26 10:00:00,3155.197506631468,588.3908141742456,543.4990049857039
2045-03-26 11:00:00,3269.471496202107,668.1884139126329,1014.8521243538356
2045-03-26 12:00:00,3274.0601042775306,758.996807222789,1476.5857923062922
2045-03-26 13:00:00,3115.841368138415,777.6710150288069,1515.0635979689978
2045-03-26 14:00:00,3221.2911114101616,764.2201903648528,1327.4842953633115
2045-03-26 15:00:00,3211.319713092416,771.0253022048664,1245.718958330064
2045-03-26 16:00:00,3234.5274808584986,743.8784236214626,1351.5329239025016
2045-03-26 17:00:00,3102.604998690079,666.8273915446302,1428.4885352279116
2045-03-26 18:00:00,3161.021509188736,565.8174612058417,1414.0593581043977
2045-03-26 19:00:00,3319.593215179808,464.0963660261152,1654.5456434963023
2045-03-26 20:00:00,3200.6423750707568,393.3354643527541,2549.154625154187
2045-03-26 21:00:00,3150.167686241101,336.2828780616175,3472.621961059099
2045-03-26 22:00:00,3139.66683314542,247.09299783773488,4020.930691752642
2045-03-26 23:00:00,3063.072375271047,168.88938826007148,4290.275331391573
2045-03-27 00:00:00,3152.886518513644,675.5407678248471,7113.687953545629
2045-03-27 01:00:00,3226.651085063615,630.4003457183591,6555.4709913961715
2045-03-27 02:00:00,3144.8707053309813,603.9162252339164,5524.916599735637
2045-03-27 03:00:00,3121.5866765622973,600.5894022173976,4150.844077521593
2045-03-27 04:00:00,3177.601942493518,626.6821317587204,2826.8679493466016
2045-03-27 05:00:00,3327.8984396684264,691.587796492761,1839.2533240052576
2045-03-27 06:00:00,3390.307270876293,916.1157341958436,1116.4339242989113
2045-03-27 07:00:00,3393.265487646085,1365.171609602009,651.2531225076982
2045-03-27 08:00:00,3423.611066123305,1861.846716421088,500.9639403905372
2045-03-27 09:00:00,3414.545563119104,2463.7407551155516,508.1205681104019
2045-03-27 10:00:00,3370.172311572226,3141.173245832146,729.9760274262115
2045-03-27 11:00:00,3414.927268508755,3654.3520040861113,1331.1327558948562
2045-03-27 12:00:00,3451.1892805255584,4074.3797178775553,2025.3256447217427
2045-03-27 13:00:00,3414.450136771691,4273.532476101704,2361.6871475553885
2045-03-27 14:00:00,3351.945879216412,4136.871805129026,2397.470286154713
2045-03-27 15:00:00,3409.0108349691714,4138.372137077654,2275.8076149170115
2045-03-27 16:00:00,3447.372226629053,3950.308788908568,2011.0123892820136
2045-03-27 17:00:00,3396.8916888477656,3591.1423667722584,1853.566579444988
2045-03-27 18:00:00,3390.020991834055,3229.366671681817,1796.313557686069
2045-03-27 19:00:00,3592.515701043679,2682.3978286718366,2175.614826838904
2045-03-27 20:00:00,3602.6308938694183,2194.855177192219,3463.807816414569
2045-03-27 21:00:00,3513.1209799963617,1693.3529154079963,4966.699637586182
2045-03-27 22:00:00,3527.7212111504964,1232.6857753559436,6197.639605402932
2045-03-27 23:00:00,3372.462543910129,861.0600748636525,7013.495165467522
2045-03-28 00:00:00,3023.110001221052,548.777202409062,9558.469894378371
2045-03-28 01:00:00,3081.8336260497854,519.8073044847023,9038.786094295663
2045-03-28 02:00:00,3059.856754333577,493.1273065800985,7702.45632265442
2045-03-28 03:00:00,2989.210454160828,495.6834740440125,5846.442750930464
2045-03-28 04:00:00,3023.110001221052,524.8663859236989,3925.468704196168
2045-03-28 05:00:00,3095.624780365625,579.291451509537,2431.377778958383
2045-03-28 06:00:00,3093.2224502589947,804.6602162446319,1429.1304502274456
2045-03-28 07:00:00,3060.479580657519,1212.9014616272495,863.0463108516392
2045-03-28 08:00:00,3127.8337988322937,1594.5692160829265,649.6047501033847
2045-03-28 09:00:00,3185.222795824011,2011.5972871227489,649.6047501033846
2045-03-28 10:00:00,3159.0640902184837,2545.942794058461,918.726718003358
2045-03-28 11:00:00,3153.636603681283,2993.112339776939,1577.6115359653627
2045-03-28 12:00:00,3142.3367546612085,3349.378180059968,2301.456828937706
2045-03-28 13:00:00,3185.8456221479523,3433.6784528803014,2728.339950434215
2045-03-28 14:00:00,3161.911296270787,3348.8988986604854,3127.382868354867
2045-03-28 15:00:00,3261.2076073448275,3398.5311502514837,3303.704157668641
2045-03-28 16:00:00,3246.971577083317,3251.6047745652536,2988.18185047557
2045-03-28 17:00:00,3160.843594001173,2869.510992198924,2477.7781182514805
2045-03-28 18:00:00,3188.6038530111205,2486.8846749442796,2208.6561503515068
2045-03-28 19:00:00,3412.6433792516536,2146.5948813107125,2616.9791361307784
2045-03-28 20:00:00,3319.4863562278892,1826.2218925001437,4046.1095863582254
2045-03-28 21:00:00,3250.1746838921563,1412.2825238125506,5772.202208061503
2045-03-28 22:00:00,3286.2096354916066,977.8938154136448,7461.174558330303
2045-03-28 23:00:00,3239.7645867634265,678.2364337585459,8945.985415709469
2045-03-29 00:00:00,3129.80803109916,353.9839730882868,11029.8285761319
2045-03-29 01:00:00,3249.942630838133,337.72411303870314,10758.603283276205
2045-03-29 02:00:00,3201.8522202881336,330.3658982259778,9470.283142211614
2045-03-29 03:00:00,3209.2577778062896,335.78585157583893,7210.072368414099
2045-03-29 04:00:00,3250.8568971984005,355.6350847048009,5062.872133306453
2045-03-29 05:00:00,3308.4556778951683,408.686018818012,3435.520376172235
2045-03-29 06:00:00,3309.7356507995405,561.7368869227022,2000.286534810808
2045-03-29 07:00:00,3298.0330413881343,855.562967200609,1107.5032791607855
2045-03-29 08:00:00,3326.649578464465,1220.458634450206,836.2779863050829
2045-03-29 09:00:00,3324.3639125638,1577.4217871943763,813.6758785671076
2045-03-29 10:00:00,3172.412843487563,1855.059794884287,1050.9980098158478
2045-03-29 11:00:00,3219.8632675853773,2045.5119304760988,1808.1686190380176
2045-03-29 12:00:00,3144.527719499445,2262.3818519321344,2836.564521115892
2045-03-29 13:00:00,3117.9225684156995,2326.0573303603064,3571.1330226000873
2045-03-29 14:00:00,3165.46441914954,2232.2670117961507,3831.057261586802
2045-03-29 15:00:00,3135.20220262473,2178.498203067064,3469.4235377791965
2045-03-29 16:00:00,3116.5511688753004,2133.0208461513407,3322.5098374823588
2045-03-29 17:00:00,3057.032428821973,1991.5277593622484,3288.606675875396
2045-03-29 18:00:00,3139.0421213378477,1688.3334153471642,2926.9729520677915
2045-03-29 19:00:00,3282.5819398996355,1264.8232857113212,3141.692975578556
2045-03-29 20:00:00,3322.9010863873737,993.6102558334986,4814.248948188722
2045-03-29 21:00:00,3247.2912583933617,858.649828048875,7074.459721986245
2045-03-29 22:00:00,3329.6666574533433,675.6276947313756,9244.262064831864
2045-03-29 23:00:00,3242.811353228057,479.719712058908,10622.990636848348
2045-03-30 00:00:00,3187.2003794146667,405.3299035794611,10195.152337041012
2045-03-30 01:00:00,3194.1244598380395,383.0263804183461,9544.844266159793
2045-03-30 02:00:00,3264.6577590841302,372.6072163138836,7929.562928809677
2045-03-30 03:00:00,3172.9829342786743,374.7643088823856,6104.5047944010985
2045-03-30 04:00:00,3119.8983176994825,407.1613972696985,4279.446659992522
2045-03-30 05:00:00,3257.549036516134,463.0830046116182,2611.721123377789
2045-03-30 06:00:00,3276.1055720507725,648.5929655027901,1457.9487395562762
2045-03-30 07:00:00,3181.5687940036564,999.2629573936058,933.506746910134
2045-03-30 08:00:00,3327.251446111421,1386.3593237902571,744.7076295575224
2045-03-30 09:00:00,3295.492997236217,1769.9148023857824,744.7076295575222
2045-03-30 10:00:00,3274.997719183034,2121.439491332043,1237.6831026448965
2045-03-30 11:00:00,3297.9856661886315,2392.0121591698044,2286.5670879371814
2045-03-30 12:00:00,3271.9511237967495,2625.7921537636803,3178.118475435624
2045-03-30 13:00:00,3247.5783607064777,2647.1188802900024,3115.185436318087
2045-03-30 14:00:00,3216.8354436267023,2521.7633121581885,2936.875158818397
2045-03-30 15:00:00,3234.1918052212895,2517.286327582052,3251.540354406083
2045-03-30 16:00:00,3275.92092990615,2414.804080648316,3377.4064326411594
2045-03-30 17:00:00,3046.041459850173,2208.9034900058323,2936.875158818398
2045-03-30 18:00:00,3065.151921818681,1845.820040881185,2643.187642936557
2045-03-30 19:00:00,3128.945782786024,1455.7525847203692,3566.205549993769
2045-03-30 20:00:00,3123.4065184473247,1187.7440080489412,5622.018161166647
2045-03-30 21:00:00,3136.885395004824,931.0092925374208,7510.009334692758
2045-03-30 22:00:00,3142.7939436327683,686.321735521684,8726.714757631813
2045-03-30 23:00:00,3074.384029049845,482.822436606401,9691.68802410072
2045-03-31 00:00:00,2951.827426497587,334.5608493400618,5122.355858167342
2045-03-31 01:00:00,2973.351354988789,321.5140907630144,4970.098996141141
2045-03-31 02:00:00,2944.383734561047,313.22054825046934,4371.947038181045
2045-03-31 03:00:00,2928.7788864049257,306.92663456505954,3447.530375879081
2045-03-31 04:00:00,2953.082988992908,324.75939000705387,2463.298517781111
2045-03-31 05:00:00,3089.67025187666,361.5066673057222,1609.5725414198869
2045-03-31 06:00:00,3188.1422247239093,498.3337283624944,929.8544073743276
2045-03-31 07:00:00,3142.762608821625,749.1724133664285,532.8990170917195
2045-03-31 08:00:00,3183.837439025669,1004.567629632196,402.393135354972
2045-03-31 09:00:00,3240.9655325627336,1246.752183318692,402.393135354972
2045-03-31 10:00:00,3243.5663405887544,1491.493639439886,603.5897030324577
2045-03-31 11:00:00,3121.776778542703,1752.6254957835008,1082.1112694005326
2045-03-31 12:00:00,3187.24539437011,2034.0158868020276,1517.1308751896918
2045-03-31 13:00:00,3139.175287406425,2100.855938909061,1560.6328357686075
2045-03-31 14:00:00,3124.6466356748633,2035.32711881982,1533.444110406784
2045-03-31 15:00:00,3201.2359478893904,2078.9583642119055,1625.8857766369822
2045-03-31 16:00:00,3190.115251502269,2013.6590097257797,1702.0142076500856
2045-03-31 17:00:00,3171.909595320128,1837.1016185298583,1636.7612667817104
2045-03-31 18:00:00,3195.3168675543097,1515.4564045650643,1500.8176399725985
2045-03-31 19:00:00,3312.353228725221,1244.228061684439,1761.829403446094
2045-03-31 20:00:00,3223.7463897697717,1137.7888026400358,2686.2460657480565
2045-03-31 21:00:00,3194.6890863066496,962.7721090650224,3621.5382181947457
2045-03-31 22:00:00,3184.375537237949,686.0365917096618,4306.69409731267
2045-03-31 23:00:00,3175.9453319122276,427.78944580519334,4850.468604549121
2045-04-01 00:00:00,3160.3336141033337,392.72475311655785,9533.448100671669
2045-04-01 01:00:00,3069.128171100734,379.1026530234505,9245.138178272322
2045-04-01 02:00:00,3053.2461642234994,361.5156188974792,8168.781134648103
2045-04-01 03:00:00,3014.3306035126143,373.17488036045575,6304.376969799003
2045-04-01 04:00:00,3127.269319084062,406.58239384528093,4363.09015897675
2045-04-01 05:00:00,3170.5501097553565,457.4984279108726,2873.4888932468025
2045-04-01 06:00:00,3194.233804221409,660.927023537622,1710.6388729027792
2045-04-01 07:00:00,3180.0235875417766,1052.2385328404855,951.422743917838
2045-04-01 08:00:00,3122.8112118904523,1382.309476883271,701.5541445050725
2045-04-01 09:00:00,3170.085723589355,1632.7676860879524,691.9438137584277
2045-04-01 10:00:00,3069.9640661995363,1958.7559257800656,903.3710901846138
2045-04-01 11:00:00,3081.480843116361,2239.9521879325953,1547.2632502098172
2045-04-01 12:00:00,3130.612899479269,2467.6414690277606,2335.3103714346935
2045-04-01 13:00:00,3171.3860048541583,2493.00134412905,2863.8785625001588
2045-04-01 14:00:00,3182.159763905382,2385.712584606104,3181.0194771394385
2045-04-01 15:00:00,3176.122743747369,2448.209366589466,3181.0194771394385
2045-04-01 16:00:00,3165.534739162545,2414.684082786834,2950.3715392199624
2045-04-01 17:00:00,3222.004096948269,2064.1603602180858,2748.5545935404216
2045-04-01 18:00:00,3170.271478055756,1674.7331760001475,2489.0756633810106
2045-04-01 19:00:00,3344.6949220057386,1388.9046146805103,2652.451286073972
2045-04-01 20:00:00,3282.0956668288013,1214.643801097503,4036.338913590827
2045-04-01 21:00:00,3259.433621927951,1003.8741889940634,5843.081093960051
2045-04-01 22:00:00,3283.767457026405,716.0435322716925,7592.161289849413
2045-04-01 23:00:00,3277.637559635192,500.6416210011456,8995.269578859556
2045-04-02 00:00:00,3005.3098975109688,251.21498485746656,5802.816046091587
2045-04-02 01:00:00,3024.42184493388,235.8622937314796,5457.9765679427
2045-04-02 02:00:00,2994.1758730948686,226.17718484359065,4720.733545693361
2045-04-02 03:00:00,2781.8403838366553,228.5207420559687,3650.542061783027
2045-04-02 04:00:00,2835.844785728917,229.85991760589903,2497.1134624574447
2045-04-02 05:00:00,2859.164868364214,249.5649292691597,1599.3417176215532
2045-04-02 06:00:00,2986.110280604466,341.9202145161411,951.2813190314076
2045-04-02 07:00:00,2960.77379984657,490.8556667476789,558.8777749309525
2045-04-02 08:00:00,3049.670656208184,628.1211606155383,422.1310853201874
2045-04-02 09:00:00,2991.1951106527645,827.5387483096285,439.9676100520264
2045-04-02 10:00:00,3083.423407390848,1072.0339415683377,677.7879398098778
2045-04-02 11:00:00,3061.769044943789,1241.8461840693249,1183.156140545312
2045-04-02 12:00:00,3040.90370784905,1431.937370612114,1617.1782423533912
2045-04-02 13:00:00,3052.826757617472,1532.758158442584,1700.4153577686404
2045-04-02 14:00:00,2989.0910430465715,1522.3317202324115,1843.1075556233525
2045-04-02 15:00:00,2962.6148590019884,1543.2324243509674,1944.1811957704404
2045-04-02 16:00:00,2840.228259908484,1465.3450178130545,1819.325522647568
2045-04-02 17:00:00,2830.672286197029,1317.7726549805536,1652.851291817071
2045-04-02 18:00:00,2879.7671970081765,1214.106119106482,1575.5596846457684
2045-04-02 19:00:00,3059.489638370414,1025.2584527171994,1926.3446710386
2045-04-02 20:00:00,3084.1247632595787,855.3744686688943,2937.08107250947
2045-04-02 21:00:00,2975.2392646391404,712.2500817700901,3947.8174739803408
2045-04-02 22:00:00,2986.285619571649,530.5526562634709,4815.861677596502
2045-04-02 23:00:00,3050.898028978463,361.3621738392368,5564.995716333736
2045-04-03 00:00:00,3231.833734610142,628.9199784973151,10222.339930674803
2045-04-03 01:00:00,3226.385074652948,586.1622918714203,10683.1831242708
2045-04-03 02:00:00,3208.5796322928304,573.2240869846222,9656.759647625177
2045-04-03 03:00:00,3167.033600119223,555.1722106425658,7624.86011222465
2045-04-03 04:00:00,3155.357900210949,591.7072368229053,5488.22348737049
2045-04-03 05:00:00,3285.931144185143,662.9289741997567,3519.166205642147
2045-04-03 06:00:00,3372.136728507897,865.1346334305744,1895.7413191107992
2045-04-03 07:00:00,3407.163828232718,1299.4886546302296,1057.8446034817168
2045-04-03 08:00:00,3447.444992916262,1855.2769702674043,827.4230066837191
2045-04-03 09:00:00,3320.763648911493,2476.9269098283276,733.159626175447
2045-04-03 10:00:00,3284.8608716935514,3040.539758897044,974.0549319188084
2045-04-03 11:00:00,3342.8501812379773,3520.3623286988723,1612.9511775859835
2045-04-03 12:00:00,3402.980035765587,3933.214285586658,2304.215967979977
2045-04-03 13:00:00,3349.3691136867633,4079.970495302627,2649.848363176973
2045-04-03 14:00:00,3305.196049033795,3880.906971544317,2995.4807583739703
2045-04-03 15:00:00,3472.353152720579,3862.978316201183,3477.271369860692
2045-04-03 16:00:00,3388.7746008771865,3679.687080304874,3822.903765057689
2045-04-03 17:00:00,3358.9042686118537,3468.116625155994,3561.0610414236003
2045-04-03 18:00:00,3234.168874591797,3006.222710697297,2670.7957810677
2045-04-03 19:00:00,3400.255705786989,2389.2551690954047,2744.111743685245
2045-04-03 20:00:00,3299.941984075072,1987.985986106277,4063.7990708010498
2045-04-03 21:00:00,3275.617609266168,1525.5991876518942,5655.802830496308
2045-04-03 22:00:00,3111.476728055688,1118.1073442172103,7310.648843863745
2045-04-03 23:00:00,3117.0226855121173,743.207454997366,8923.600021449729
2045-04-04 00:00:00,2997.675040643841,376.9365210419296,11555.28424083749
2045-04-04 01:00:00,3029.983717300752,360.4275434889467,11042.211774545476
2045-04-04 02:00:00,3047.753489462053,341.9980584801361,9369.149384462824
2045-04-04 03:00:00,2941.8000351313012,351.00967038825195,7138.399531019298
2045-04-04 04:00:00,3011.358715463239,366.0044016779857,4840.72718197246
2045-04-04 05:00:00,3215.093429440935,407.2953119782873,2933.4360572782443
2045-04-04 06:00:00,3275.529659893274,563.2996099286215,1684.2161393498668
2045-04-04 07:00:00,3237.044324463718,856.9895193275458,1026.144932584025
2045-04-04 08:00:00,3282.751599381289,1138.89785414168,791.9161979724541
2045-04-04 09:00:00,3322.662317604532,1421.1385844770143,758.4549501708012
2045-04-04 10:00:00,3336.1559413847717,1766.977657868806,1070.759929652896
2045-04-04 11:00:00,3330.169333651285,2029.9025151387943,1873.8298768925652
2045-04-04 12:00:00,3380.8179355869715,2267.897708318708,2766.1298182699757
2045-04-04 13:00:00,3413.0315867243025,2364.070812452862,3245.741036760337
2045-04-04 14:00:00,3427.760542259071,2310.8505962250133,3613.8147625785177
2045-04-04 15:00:00,3242.175702520993,2318.458760376948,4015.3497361983536
2045-04-04 16:00:00,3222.125317889792,2270.9262008452047,3747.659753785131
2045-04-04 17:00:00,3150.2860250879553,1996.921492868517,3056.1272992176387
2045-04-04 18:00:00,3192.952483378993,1743.8946355631806,2576.5160807272805
2045-04-04 19:00:00,3419.6833730948433,1451.0172485494145,3056.1272992176387
2045-04-04 20:00:00,3280.3759613918105,1205.0076300249896,4796.112184903591
2045-04-04 21:00:00,3275.1495578149575,1003.834474027009,6870.709548606074
2045-04-04 22:00:00,3275.1495578149575,735.3696914036711,8811.461921101944
2045-04-04 23:00:00,3271.253511512212,522.1933638067645,10618.369302391216
2045-04-05 00:00:00,3279.634645521999,655.696729306977,8761.63440798981
2045-04-05 01:00:00,3201.220275405752,619.7410785887272,7573.315571278646
2045-04-05 02:00:00,3261.666720115537,599.6559623450164,5994.802489677237
2045-04-05 03:00:00,3153.663864139734,632.3848238962438,4256.664489711648
2045-04-05 04:00:00,3011.971148026814,678.81107619728,2802.304122393502
2045-04-05 05:00:00,3079.6438236065887,766.9221763090343,1853.4226632286136
2045-04-05 06:00:00,3225.3402622285575,1145.5760071330892,1143.978581610006
2045-04-05 07:00:00,3219.0905490437017,1772.3633396171508,727.1801836590737
2045-04-05 08:00:00,3300.6297757523766,2311.2371305098895,585.291367335352
2045-04-05 09:00:00,3252.292150338252,2870.064331966053,638.4996734567477
2045-04-05 10:00:00,3256.3935246158144,3472.4202607569437,1028.6939183469815
2045-04-05 11:00:00,3398.574499571301,3802.869812596095,1915.4990203702412
2045-04-05 12:00:00,3387.3445461922606,4147.34601938577,2890.9846325958265
2045-04-05 13:00:00,3393.008348766038,4182.248024661725,3263.442775445597
2045-04-05 14:00:00,3304.2428911873717,4033.9474286589816,3174.7622652432706
2045-04-05 15:00:00,3288.130349382664,4100.85391424459,2598.3389489281535
2045-04-05 16:00:00,3346.0378481110997,3913.239172676288,2146.0683468962898
2045-04-05 17:00:00,3286.0796622438825,3422.108690887452,2013.0475815928012
2045-04-05 18:00:00,3307.856006622368,2919.4539620735386,2172.6724999569888
2045-04-05 19:00:00,3621.6111388558697,2330.7295711923102,3068.3456530004796
2045-04-05 20:00:00,3536.1658414066587,1849.016045543969,4983.844673370721
2045-04-05 21:00:00,3349.7486153146087,1524.361543637432,7041.232510064684
2045-04-05 22:00:00,3299.3603027617028,1175.604902238441,8602.009489625623
2045-04-05 23:00:00,3410.195060024394,870.113576813608,9222.773061041908
2045-04-06 00:00:00,3471.710654651202,592.2778734927956,10437.933376776844
2045-04-06 01:00:00,3230.3664768451995,577.9785525489812,9782.73842455492
2045-04-06 02:00:00,3208.629905096114,546.863230175241,8314.198014402336
2045-04-06 03:00:00,3152.7776377767113,546.6916383239152,6574.542451606197
2045-04-06 04:00:00,3232.3159451635033,558.3598842140678,4767.108100649167
2045-04-06 05:00:00,3344.1179532182227,614.0700386111689,3061.3419319334703
2045-04-06 06:00:00,3443.443364035797,819.2938927967947,1773.5449568765848
2045-04-06 07:00:00,3307.0780551704515,1220.2468520613531,1073.164145880736
2045-04-06 08:00:00,3304.251326108911,1613.3065861649245,813.345457930663
2045-04-06 09:00:00,3466.9344572713576,1961.7524389237967,835.9383873176258
2045-04-06 10:00:00,3291.579782039937,2427.509920705721,1355.5757632177715
2045-04-06 11:00:00,3262.337757265381,2917.1186698219312,2575.593950113768
2045-04-06 12:00:00,3374.237238736015,3415.5929979233024,3626.165166607544
2045-04-06 13:00:00,3402.407055935504,3630.140009364295,3456.718196205322
2045-04-06 14:00:00,3432.623814869212,3599.939843530959,2925.7843556116904
2045-04-06 15:00:00,3383.009846168382,3631.741533310004,3106.5277907073946
2045-04-06 16:00:00,3348.1143632707453,3625.106648392072,3422.8288021248763
2045-04-06 17:00:00,3312.6340398776174,3207.5092795489136,3242.0853670291726
2045-04-06 18:00:00,3384.5694208230248,2745.2980293610544,3151.71364948132
2045-04-06 19:00:00,3616.068783621593,2343.8302945425194,4044.134360266352
2045-04-06 20:00:00,3544.8157165875914,2113.1536490769035,6326.020228349607
2045-04-06 21:00:00,3555.6352657541775,1851.647667656424,8427.162661337152
2045-04-06 22:00:00,3559.2417821430395,1310.5041658587097,9466.437413137442
2045-04-06 23:00:00,3506.0212970533476,855.90015441296,10121.632365359364
2045-04-07 00:00:00,3190.2263814712483,347.84383605230437,6940.442474075775
2045-04-07 01:00:00,3298.3777524155553,327.499287153617,6836.410145770563
2045-04-07 02:00:00,3304.4977238925103,315.3405079296539,6212.216175939343
2045-04-07 03:00:00,3115.734853650192,315.409008094296,4830.072385598768
2045-04-07 04:00:00,3110.188629499201,340.9253194234577,3395.9124311055944
2045-04-07 05:00:00,3322.0926418887548,381.1349160683383,2340.727386867095
2045-04-07 06:00:00,3200.075710566972,532.3832795979735,1382.143790340571
2045-04-07 07:00:00,3186.592648406806,816.5219625331758,713.3645369499723
2045-04-07 08:00:00,3119.1773376059778,1099.5988929164268,572.1778056786236
2045-04-07 09:00:00,3203.7094436314137,1393.8413501363314,557.316044492166
2045-04-07 10:00:00,3283.4603219404785,1718.4293802926616,802.5351040687192
2045-04-07 11:00:00,3295.22214212275,1983.764768033624,1367.2820291541136
2045-04-07 12:00:00,3342.556296514821,2193.3410217559604,1902.305431866592
2045-04-07 13:00:00,3292.735903710237,2224.4743465857705,2117.8009690702293
2045-04-07 14:00:00,3183.628287222656,2131.6908735781194,2303.5729839009514
2045-04-07 15:00:00,3178.0820630716657,2160.769193468668,2281.2803421212657
2045-04-07 16:00:00,3123.8629407680214,2058.772448316663,2125.2318496634593
2045-04-07 17:00:00,3154.175924489812,1845.8739366091868,2333.2965062738676
2045-04-07 18:00:00,3269.307887900021,1566.0165139641117,2102.9392078837727
2045-04-07 19:00:00,3363.3068248038703,1299.4138731772723,2288.711222714494
2045-04-07 20:00:00,3462.086989424092,1094.6668810621998,3462.790356444656
2045-04-07 21:00:00,3450.133920133164,834.0237545992188,4666.593012547736
2045-04-07 22:00:00,3551.495947720225,589.9919180619337,5840.6721462779005
2045-04-07 23:00:00,3350.1106363066874,407.9869806080202,6747.239578651822
2045-04-08 00:00:00,3184.4175413005046,568.6875846917592,2423.8761365246405
2045-04-08 01:00:00,3236.7255676934587,530.584747872288,2517.863170389881
2045-04-08 02:00:00,3261.833420362077,513.6745551627823,2354.622532623938
2045-04-08 03:00:00,3105.384868695878,508.239136077584,1914.3674792551744
2045-04-08 04:00:00,3122.4087536492216,519.3295871403118,1355.3919620566355
2045-04-08 05:00:00,3249.755021540431,574.2877134462058,873.0900777481619
2045-04-08 06:00:00,3355.417234854199,747.5622854955577,507.0353142730117
2045-04-08 07:00:00,3306.5330065524195,1083.4602043161965,274.5410726063624
2045-04-08 08:00:00,3310.0519101461273,1506.379731723093,190.44741072693617
2045-04-08 09:00:00,3245.950801439125,2052.3922852816495,183.02738173757504
2045-04-08 10:00:00,3215.5170406286793,2594.1223874397483,227.547555673742
2045-04-08 11:00:00,3335.254868317277,2985.966690581772,361.1080774822421
2045-04-08 12:00:00,3171.863614966196,3379.7326065316956,487.2485703013816
2045-04-08 13:00:00,3117.368162014991,3598.4670472936155,561.4488601949934
2045-04-08 14:00:00,3079.9916995196627,3504.637439045091,709.849439982216
2045-04-08 15:00:00,3134.3920469683344,3469.4444730490104,880.5101067375222
2045-04-08 16:00:00,3157.6928950888323,3311.7075131320917,907.7168796985133
2045-04-08 17:00:00,3208.8596554513947,3092.533846585511,816.203188829726
2045-04-08 18:00:00,3245.285062921397,2817.578505386791,685.1160100176788
2045-04-08 19:00:00,3241.005315307428,2274.915048436285,638.1224930850582
2045-04-08 20:00:00,3139.8130606126947,1839.6422958357575,890.4034787233368
2045-04-08 21:00:00,3175.667835067502,1485.8459262901215,1226.778126241043
2045-04-08 22:00:00,3231.8751870642936,1122.551299151159,1607.6729476949151
2045-04-08 23:00:00,3090.263093793188,770.017703736428,2077.608117021119
2045-04-09 00:00:00,3198.255944742178,400.98967224348496,3720.920770053752
2045-04-09 01:00:00,3198.550570051833,383.3145471078627,3769.244416418087
2045-04-09 02:00:00,3157.008401390471,365.6394219722404,3463.1946561106383
2045-04-09 03:00:00,3138.447006882202,363.5576850118227,2770.5557248885098
2045-04-09 04:00:00,3097.5922972767016,375.458935936475,2029.593147302047
2045-04-09 05:00:00,3238.619612164922,420.6679782278111,1393.331803504977
2045-04-09 06:00:00,3390.4498550738263,540.073268032904,813.4480471329638
2045-04-09 07:00:00,3383.4770560786565,805.1215889555242,434.9128172790101
2045-04-09 08:00:00,3425.903100668985,1148.76529964788,310.0767308378126
2045-04-09 09:00:00,3307.7583514973076,1498.0650503836337,302.02278977709017
2045-04-09 10:00:00,3310.704604593858,1849.7607625266608,382.5622003843142
2045-04-09 11:00:00,3406.457830231752,2154.5977540323593,672.5040785703218
2045-04-09 12:00:00,3376.209631773832,2426.9125152885117,1018.823544181385
2045-04-09 13:00:00,3363.83536876832,2562.186139659812,1175.8753948654717
2045-04-09 14:00:00,3362.5586590931475,2495.334888591301,1167.82145380475
2045-04-09 15:00:00,3304.8120984007564,2438.5388198221676,1139.632660092222
2045-04-09 16:00:00,3310.409979284203,2409.708726823176,1244.3338938816134
2045-04-09 17:00:00,3343.702639275224,2217.285531180034,1288.6305697155856
2045-04-09 18:00:00,3344.782932077293,1946.2669457671584,1167.8214538047491
2045-04-09 19:00:00,3386.226892302104,1575.5606545893731,1167.8214538047491
2045-04-09 20:00:00,3309.9189371014445,1297.2363507871069,1731.5973280553192
2045-04-09 21:00:00,3266.117974399393,1076.2972865918275,2464.505964581058
2045-04-09 22:00:00,3305.106723710412,788.8211957748952,3060.4976030745156
2045-04-09 23:00:00,3292.536043831796,547.025483919582,3479.302538232082
2045-04-10 00:00:00,3109.3827640526233,617.1003386191765,7823.839225420384
2045-04-10 01:00:00,3044.193592981233,581.7608407146694,7275.072947084286
2045-04-10 02:00:00,2900.5898218872803,563.5249446627652,6114.82424431653
2045-04-10 03:00:00,2940.266108740802,560.7240063802832,4562.599628451565
2045-04-10 04:00:00,2976.5656903301947,581.5820574200428,3159.32585956354
2045-04-10 05:00:00,3148.027279853218,639.8058170367435,2093.15137593912
2045-04-10 06:00:00,3125.8911008994787,874.4886884498115,1254.322921911083
2045-04-10 07:00:00,3210.965314081854,1298.2050967146447,736.9147166227617
2045-04-10 08:00:00,3183.764077231921,1713.3399068374058,548.7662783360992
2045-04-10 09:00:00,3222.502390400963,2201.4183011677837,548.7662783360992
2045-04-10 10:00:00,3161.909290383527,2747.12451079944,721.2356800988733
2045-04-10 11:00:00,3295.101553579749,3188.0637097799618,1332.7181045305265
2045-04-10 12:00:00,3258.0515930427723,3649.5033932109886,2195.0651133443944
2045-04-10 13:00:00,3335.8096114861987,3842.231784818368,2743.831391680493
2045-04-10 14:00:00,3348.190864121341,3739.371795976581,2720.3128368946604
2045-04-10 15:00:00,3306.826224635754,3806.653909187692,2383.2135516310577
2045-04-10 16:00:00,3170.7262430176443,3640.4450396165785,2187.225595082452
2045-04-10 17:00:00,3180.574966704688,3298.373002564518,2014.7561933196785
2045-04-10 18:00:00,3132.3631193223937,2899.686255547397,1928.521492438291
2045-04-10 19:00:00,3306.732427267306,2396.0537145845124,2242.102222916062
2045-04-10 20:00:00,3228.599219350086,2062.622870106068,3590.499363970476
2045-04-10 21:00:00,3162.565871962664,1702.1957481390195,5409.267600741547
2045-04-10 22:00:00,3200.178616710329,1252.9729231741371,6898.7760705109595
2045-04-10 23:00:00,3245.6703404076293,826.8727376476169,7714.085969753162
2045-04-11 00:00:00,2948.1568945230274,723.5250826871552,5301.303230474491
2045-04-11 01:00:00,2888.6676110437047,694.8245625409934,5533.816530056702
2045-04-11 02:00:00,2804.979296996523,676.716753072218,5126.918255787827
2045-04-11 03:00:00,2786.921687065203,677.0746149194271,4127.111067584306
2045-04-11 04:00:00,2830.0032945155604,709.1390364293532,3057.54988950612
2045-04-11 05:00:00,2915.06655348137,795.8847481928146,2069.3683662817075
2045-04-11 06:00:00,3088.30961322855,1123.972489714025,1168.3793304006276
2045-04-11 07:00:00,3032.486849532237,1660.478971049757,604.5345789137576
2045-04-11 08:00:00,2980.880583586384,2229.7655975898347,470.8394316539846
2045-04-11 09:00:00,3053.9359902628394,2826.4644416261203,424.3367717375417
2045-04-11 10:00:00,3067.1354614816723,3380.0051468889997,563.8447514868702
2045-04-11 11:00:00,3006.821211051173,3864.2637985322176,999.8071882035212
2045-04-11 12:00:00,3119.200042400401,4448.509050285627,1459.0209548783948
2045-04-11 13:00:00,3105.725582197843,4563.597420348041,1586.903269648613
2045-04-11 14:00:00,3101.234095463657,4472.127932201423,1522.9621122635042
2045-04-11 15:00:00,3059.4357699373527,4501.973610258657,1674.095756991943
2045-04-11 16:00:00,3078.5016728090004,4328.339041992847,1889.1705591054915
2045-04-11 17:00:00,3148.898852642775,3978.278583053004,2022.865706365265
2045-04-11 18:00:00,3093.076088946462,3338.4931726127556,1674.095756991944
2045-04-11 19:00:00,3217.73776156877,2699.2803411280415,1674.0957569919435
2045-04-11 20:00:00,3163.748257763961,2336.4084280581155,2522.769300467025
2045-04-11 21:00:00,3089.226243174301,2006.53137730086,3464.448163774993
2045-04-11 22:00:00,3041.4698230006093,1470.0964683345696,4208.490722438079
2045-04-11 23:00:00,3033.95345744544,963.4356650560684,4836.276631310059
2045-04-12 00:00:00,3115.915388482088,610.0502828642404,5148.067385561546
2045-04-12 01:00:00,3142.923384538828,570.9857126977322,5085.540251323956
2045-04-12 02:00:00,3069.4923917012848,555.3356209229511,4491.532476066855
2045-04-12 03:00:00,2975.012462435179,561.5228665083296,3501.5195173050183
2045-04-12 04:00:00,3073.336946300109,606.8960008011061,2448.9794243055935
2045-04-12 05:00:00,3098.422665057437,684.1152520774488,1573.5995449793393
2045-04-12 06:00:00,3028.7401129537484,960.6002067652496,891.0116628856525
2045-04-12 07:00:00,3046.8095195682213,1484.211029245524,526.2700464997126
2045-04-12 08:00:00,3004.231077386243,2021.4701875758983,380.3733999453369
2045-04-12 09:00:00,3054.9791980907235,2585.601402713358,380.3733999453369
2045-04-12 10:00:00,3094.578110458613,3147.973499007917,526.2700464997122
2045-04-12 11:00:00,3126.680141358795,3542.1374383587986,875.3798793262551
2045-04-12 12:00:00,3202.706208550545,3876.855292673692,1240.1214957121942
2045-04-12 13:00:00,3162.146157532949,3947.280705660208,1422.4923039051644
2045-04-12 14:00:00,3007.4989487952444,3753.777632941014,1641.3372737367272
2045-04-12 15:00:00,3071.030213540814,3783.25803837723,1719.4961915337144
2045-04-12 16:00:00,3118.4143489713233,3606.375605759936,1761.180947692108
2045-04-12 17:00:00,2837.185180067329,3261.830949632971,1552.7571669001418
2045-04-12 18:00:00,3038.0631578558964,2789.7805070308514,1344.333386108177
2045-04-12 19:00:00,3173.487593599481,2218.370179440006,1500.6512217021505
2045-04-12 20:00:00,3175.890440223746,1800.0031911816122,2209.292076394834
2045-04-12 21:00:00,3074.3941988147853,1397.5895910502247,3084.671955721089
2045-04-12 22:00:00,3046.61729183828,1046.372415174322,3960.0518350473426
2045-04-12 23:00:00,3060.842143853931,741.6202404592029,4710.377445898422
2045-04-13 00:00:00,3043.857862521157,863.1032619111888,10903.540394832806
2045-04-13 01:00:00,3056.1055951022845,824.8971435698066,9649.745195426984
2045-04-13 02:00:00,3026.0788958711323,795.1437062774024,8037.72279619092
2045-04-13 03:00:00,2957.4323301946492,770.1237703724262,6089.862397114012
2045-04-13 04:00:00,2980.347442765792,799.2855199914019,4063.63979807424
2045-04-13 05:00:00,3078.526847488705,896.8294592966129,2619.5363987586
2045-04-13 06:00:00,3142.9262155765723,1155.1433921533944,1656.8007992148412
2045-04-13 07:00:00,3195.2753951572,1666.0234347536516,1007.513999522538
2045-04-13 08:00:00,3227.2775351272444,2407.7461968015095,750.0381996445562
2045-04-13 09:00:00,3113.393376530142,3213.709334821606,839.5949996021152
2045-04-13 10:00:00,3273.4040763803637,3930.3276341539968,1354.546599358078
2045-04-13 11:00:00,3291.8744472890003,4638.577779247901,2462.811998832874
2045-04-13 12:00:00,3140.061826505179,5320.6246130899735,3436.7421983713284
2045-04-13 13:00:00,3060.0564765800677,5529.49036181023,3571.077398307666
2045-04-13 14:00:00,3002.9662392261,5409.800398156697,3615.855798286445
2045-04-13 15:00:00,3006.62080459305,5288.419898293363,3503.9097983394963
2045-04-13 16:00:00,3087.218786739828,5124.94504680612,3022.5419985676167
2045-04-13 17:00:00,2914.170178012922,4859.361808247217,2731.482398705549
2045-04-13 18:00:00,2957.827418342427,4180.357939582781,2988.958198583532
2045-04-13 19:00:00,3162.680622965488,3404.9089801494974,3940.4991981325943
2045-04-13 20:00:00,3068.057011572578,2879.152218903038,6157.029997082182
2045-04-13 21:00:00,3039.215576784761,2339.7866411677232,8328.78239605299
2045-04-13 22:00:00,3062.920865651461,1660.782772503285,9918.41559529966
2045-04-13 23:00:00,2837.6218493808715,1093.4388204958525,11015.486394779757
2045-04-14 00:00:00,2849.3205215113207,492.9297073731432,6798.088512472563
2045-04-14 01:00:00,2971.408734479304,480.80887315092406,6390.765027221107
2045-04-14 02:00:00,2902.1261550877175,452.73209700336133,5533.981144450807
2045-04-14 03:00:00,2824.1088092398827,431.4259430971166,4241.782501584123
2045-04-14 04:00:00,2815.076266654447,433.6039054964214,2935.5382212949717
2045-04-14 05:00:00,2952.0532860819403,479.4358098991882,1945.3207830112608
2045-04-14 06:00:00,2982.128675130151,578.1069759894417,1172.8107247757418
2045-04-14 07:00:00,3112.5546197154595,795.6191338678605,660.1449588558067
2045-04-14 08:00:00,3209.1333442828154,1170.0866255222822,505.64294720870305
2045-04-14 09:00:00,3191.7630700800532,1563.0194505621162,512.6657659199351
2045-04-14 10:00:00,3244.370186236989,1964.7114722078504,744.4187833905906
2045-04-14 11:00:00,3305.31503401125,2456.7889334247443,1334.335555134078
2045-04-14 12:00:00,3386.707175989907,2912.5512389836585,1952.343601722493
2045-04-14 13:00:00,3308.5905714323426,3084.0894514332717,2191.1194379043804
2045-04-14 14:00:00,3239.506509460216,3094.0323232561855,2240.279168883004
2045-04-14 15:00:00,3239.506509460216,2992.236254593017,2184.096619193148
2045-04-14 16:00:00,3174.095019748101,2966.0533587926748,2001.503332701116
2045-04-14 17:00:00,3196.6267468568267,2797.3559668638964,1945.3207830112608
2045-04-14 18:00:00,2943.020743496504,2424.8770495740573,1868.0697771877087
2045-04-14 19:00:00,3104.5146642273244,2081.137766553308,2191.119437904381
2045-04-14 20:00:00,3008.531491918349,1829.2516803728145,3413.0898936587464
2045-04-14 21:00:00,2997.8115512675013,1518.702650437126,4761.471086215289
2045-04-14 22:00:00,3029.475079671393,1023.1215105778732,5871.076442589939
2045-04-14 23:00:00,2999.7967254621026,656.229540312339,6657.632138247919
2045-04-15 00:00:00,3094.8895131843574,286.29625562506186,5221.762696584873
2045-04-15 01:00:00,3122.7439540286546,268.60564517273474,5201.000220654119
2045-04-15 02:00:00,2954.7468576864862,262.855508960392,4598.8884186622245
2045-04-15 03:00:00,3015.134414985646,257.6005997902606,3581.5270980552295
2045-04-15 04:00:00,2993.0467138473937,267.0649388191882,2486.306492707906
2045-04-15 05:00:00,2951.1562461714,292.40405581233466,1567.5669327719995
2045-04-15 06:00:00,3250.7002916571446,409.4977386818584,882.4052270570861
2045-04-15 07:00:00,3339.377515438796,587.6694234241131,513.8712792861857
2045-04-15 08:00:00,3466.898627429094,761.741728761396,384.1058047189671
2045-04-15 09:00:00,3488.2246837005096,1000.9363901494688,368.5339477709008
2045-04-15 10:00:00,3417.8269367229304,1250.860970785454,503.4900413208079
2045-04-15 11:00:00,3574.5081664721033,1460.7546988426905,830.4990372301984
2045-04-15 12:00:00,3433.9302853360387,1703.6360504338911,1173.079890087655
2045-04-15 13:00:00,3451.7745365019177,1769.5837848883682,1370.3234114298268
2045-04-15 14:00:00,3396.8272996801593,1737.2014388504376,1629.8543605642635
2045-04-15 15:00:00,3409.2312303686354,1782.872377187705,1816.7166439410591
2045-04-15 16:00:00,3305.32110925026,1658.8730283406785,1811.5260249583696
2045-04-15 17:00:00,3447.857505758188,1533.3604857535622,1572.757551754688
2045-04-15 18:00:00,3426.8578687154168,1339.1214347528958,1292.4641266894969
2045-04-15 19:00:00,3640.771269886857,1122.2670154912448,1411.848363291338
2045-04-15 20:00:00,3589.5234509897323,984.2362337815632,2097.0100690062513
2045-04-15 21:00:00,3465.9193697431624,798.0583785235594,2937.8903442018263
2045-04-15 22:00:00,3427.728319991801,575.7839744110411,3830.676809224292
2045-04-15 23:00:00,3389.754883059537,364.4320778406274,4692.319560350624
2045-04-16 00:00:00,2848.822361446316,125.97304732999662,5511.654348311592
2045-04-16 01:00:00,2776.5817611923844,121.48581365618335,5198.246552035049
2045-04-16 02:00:00,2694.978463770481,117.65958890882423,4474.166470982349
2045-04-16 03:00:00,2874.348030567419,120.82480472972928,3393.4499320977257
2045-04-16 04:00:00,2812.948448086928,127.86709213848997,2291.1190624354062
2045-04-16 05:00:00,2875.333577637732,145.80331512361866,1475.1780755775146
2045-04-16 06:00:00,3001.7792667588697,205.67546980820845,891.591144579817
2045-04-16 07:00:00,3045.3404472666966,314.61482557188873,518.7439386646208
2045-04-16 08:00:00,2979.604457676831,432.5032252629469,378.2507886096193
2045-04-16 09:00:00,3060.1236533213905,540.8069955204212,383.6543713040424
2045-04-16 10:00:00,2956.6412109385415,638.1278482306589,507.93677327577456
2045-04-16 11:00:00,2969.157658731515,710.7752715899858,875.3803964965473
2045-04-16 12:00:00,3076.18807056749,792.9310541221517,1340.0885082169366
2045-04-16 13:00:00,3116.201281622192,811.9223490475821,1675.1106352711708
2045-04-16 14:00:00,3134.9266759581355,786.4353702487281,1885.850360353672
2045-04-16 15:00:00,3184.1054747667463,779.4439296804642,1853.4288641871328
2045-04-16 16:00:00,2989.361373672928,766.7703546867198,1637.2855564102078
2045-04-16 17:00:00,3104.966045020625,695.0254627462053,1421.142248633284
2045-04-16 18:00:00,3089.4929560167134,581.2048102948639,1329.2813428280904
2045-04-16 19:00:00,3227.5681005675433,451.9140066224727,1491.388823660784
2045-04-16 20:00:00,3219.092395762853,370.36838617626427,2301.926227824254
2045-04-16 21:00:00,3120.833352852662,324.94944590279505,3382.64276670888
2045-04-16 22:00:00,3033.21821830185,247.5605546671731,4430.937809426968
2045-04-16 23:00:00,3075.1039687901452,173.85805936754434,5252.282378979281
2045-04-17 00:00:00,3139.709420353217,552.991272508161,9919.22918861865
2045-04-17 01:00:00,3085.41751076456,524.3682072166458,9959.226080508235
2045-04-17 02:00:00,2994.136647505768,492.6764953689241,8979.30222921325
2045-04-17 03:00:00,2884.723944212596,495.1102495341913,7079.449864457661
2045-04-17 04:00:00,2914.770993412425,521.5111914574185,4959.614594309322
2045-04-17 05:00:00,3043.973304971692,567.5937974997653,3199.751351167304
2045-04-17 06:00:00,2993.5149844188745,783.5630258176287,1849.8562498935985
2045-04-17 07:00:00,3061.172650375732,1187.7778480490044,1029.9199661569764
2045-04-17 08:00:00,3135.254168230484,1517.6573528412348,749.941722929837
2045-04-17 09:00:00,3102.5132456541182,1874.625599646876,719.9440540126435
2045-04-17 10:00:00,3225.809757887901,2429.78608782408,929.9277364329984
2045-04-17 11:00:00,3343.822133883093,2916.5369208775683,1539.880337749266
2045-04-17 12:00:00,3302.5851491191893,3282.8169227503186,2219.8274998723177
2045-04-17 13:00:00,3240.7296719733336,3399.848753480136,2649.7940876854236
2045-04-17 14:00:00,3122.820906492624,3326.254143830417,3099.7591214433255
2045-04-17 15:00:00,3195.037435086697,3418.842617509071,3439.732702504853
2045-04-17 16:00:00,3080.858648127345,3285.885569306524,3409.7350335876586
2045-04-17 17:00:00,2977.7661862175846,2832.942756070556,3079.760675498531
2045-04-17 18:00:00,3101.787972052743,2477.5088325430193,2609.797195795834
2045-04-17 19:00:00,3417.3855991654345,2209.37261276964,2659.7933106578216
2045-04-17 20:00:00,3364.233405236081,1929.702514560864,3919.695405179946
2045-04-17 21:00:00,3306.2115171260657,1489.933718436884,5559.56797265319
2045-04-17 22:00:00,3152.039071576596,1011.2248556686254,7259.43587796082
2045-04-17 23:00:00,3300.0984967716176,693.0379524095289,8919.306891378865
2045-04-18 00:00:00,3035.804024239027,573.8092028864047,9480.184256304494
2045-04-18 01:00:00,3003.1393558769128,551.4878738475361,9027.849421013623
2045-04-18 02:00:00,2926.251751886088,529.1106016281187,7501.219351906937
2045-04-18 03:00:00,2907.054977556353,534.7608628635218,5522.254447509378
2045-04-18 04:00:00,2926.5532719017383,554.3409760555113,3760.033318355361
2045-04-18 05:00:00,3107.565787963797,613.2491451731272,2337.063315669498
2045-04-18 06:00:00,3149.175550123537,878.6435936954146,1253.3444394517874
2045-04-18 07:00:00,3125.7574955746973,1285.9099480888071,772.7386769552372
2045-04-18 08:00:00,3152.6932836394567,1657.7642691949711,687.925895338199
2045-04-18 09:00:00,3093.8968805876507,2076.331146059169,640.8076833287332
2045-04-18 10:00:00,3114.902775011288,2560.407487345711,1027.1770218063518
2045-04-18 11:00:00,3224.25403402046,2973.6597620577973,1799.9156987615888
2045-04-18 12:00:00,3025.6528503788013,3440.114001471548,2572.6543757168265
2045-04-18 13:00:00,3042.4374645833336,3536.839760639976,2864.787290175513
2045-04-18 14:00:00,2993.792235391753,3515.8051247537246,3072.107423017162
2045-04-18 15:00:00,2957.5093268418345,3574.9370665935335,3128.649277428521
2045-04-18 16:00:00,3022.9391702379485,3421.0373769044927,2968.4473565963376
2045-04-18 17:00:00,3093.796373915767,3060.8751805329753,2695.1617269414373
2045-04-18 18:00:00,3046.9602648180876,2616.350667894252,2148.590467631635
2045-04-18 19:00:00,3248.878168631901,2224.412744971162,2864.7872901755136
2045-04-18 20:00:00,3065.654505788407,1938.934694631948,4579.890207320064
2045-04-18 21:00:00,3130.280295809452,1638.5198150862727,6294.993124464615
2045-04-18 22:00:00,3065.45349244464,1167.981723492478,7915.859617590233
2045-04-18 23:00:00,2953.6900733102643,776.0438005693874,9084.391275424983
2045-04-19 00:00:00,3022.8592275389124,450.7614013192212,3742.464160252047
2045-04-19 01:00:00,3046.015574141045,435.1857710905297,3758.630312132184
2045-04-19 02:00:00,2886.151805167608,421.82889160666616,3427.2241985893465
2045-04-19 03:00:00,3037.092945175085,413.0870136720446,2732.0796677433937
2045-04-19 04:00:00,2977.0776432016687,428.6626439007359,1927.8136117065064
2045-04-19 05:00:00,3148.8382507963847,481.9126617766035,1260.959846650798
2045-04-19 06:00:00,3231.903677598529,613.8839560789623,707.2691447560558
2045-04-19 07:00:00,3266.213310408111,930.8990624999624,392.0291830933569
2045-04-19 08:00:00,3337.806785682593,1336.1760735502132,311.1984236926645
2045-04-19 09:00:00,3372.2226402655792,1693.7943186015607,311.1984236926645
2045-04-19 10:00:00,3354.908491200682,2014.492551258976,505.19224625432634
2045-04-19 11:00:00,3476.1075346549624,2352.275164651564,836.5983597971633
2045-04-19 12:00:00,3372.435083812388,2705.3671581834624,1018.4675684487204
2045-04-19 13:00:00,3342.480543712381,2883.000342814378,937.6368090480285
2045-04-19 14:00:00,3274.39238696024,2777.520932405265,1099.2983278494132
2045-04-19 15:00:00,3188.246528729372,2744.150921203054,1293.292150411074
2045-04-19 16:00:00,3163.3906337527706,2753.1590492270548,1345.8321440215236
2045-04-19 17:00:00,3165.1964039006434,2555.6014829075853,1341.7906060514897
2045-04-19 18:00:00,3020.097461430401,2165.589476981749,1159.921397399932
2045-04-19 19:00:00,3234.8778872538487,1697.5218198528712,1366.0398338716968
2045-04-19 20:00:00,3279.172366763433,1485.4979986771248,1988.4366812570263
2045-04-19 21:00:00,3130.8867710910613,1308.0866891206929,2457.25508578104
2045-04-19 22:00:00,3270.1435160240694,972.7890765623116,2934.156566245124
2045-04-19 23:00:00,3316.4562092283336,629.77021141193,3459.5565023496247
2045-04-20 00:00:00,3188.7858660161473,515.4840484355286,3968.577749442067
2045-04-20 01:00:00,3113.3429054032867,490.05842313481054,3829.634108323745
2045-04-20 02:00:00,3193.6463368679565,474.4749753698543,3456.2230728182553
2045-04-20 03:00:00,3071.183603884335,489.90463911081423,2709.401001807276
2045-04-20 04:00:00,2942.2754639015748,525.7875780432796,1949.5529644414516
2045-04-20 05:00:00,3003.348336778653,589.3003799537429,1372.0684560434267
2045-04-20 06:00:00,3191.3217638518736,876.7739821441212,838.0038354948775
2045-04-20 07:00:00,3202.627641702821,1342.3294841221907,429.8568897098083
2045-04-20 08:00:00,3098.9728176675035,1731.4543261741103,329.9911476560145
2045-04-20 09:00:00,3346.328519060651,2130.933959175113,325.6491588710669
2045-04-20 10:00:00,3258.8400437280898,2579.4194344895955,447.2248448495983
2045-04-20 11:00:00,3269.300622300461,2894.317854292644,820.6358803550878
2045-04-20 12:00:00,3384.366986596548,3225.3635966153024,1233.1248149251055
2045-04-20 13:00:00,3342.735997126705,3247.405973388103,1385.09442239827
2045-04-20 14:00:00,3236.862262485128,3148.2152779105027,1302.5966354842662
2045-04-20 15:00:00,3348.9700793061993,3235.5133421990568,1202.7308934304729
2045-04-20 16:00:00,3322.6601392605376,3076.7569680935626,1141.9430504412064
2045-04-20 17:00:00,3411.0995762814973,2701.7289949079714,1306.938624269213
2045-04-20 18:00:00,3280.395175331764,2261.804163595946,1272.202713989634
2045-04-20 19:00:00,3559.7665869009584,1860.3253382829932,1363.3844784735331
2045-04-20 20:00:00,3416.17137195295,1573.4668721885992,2118.890527054407
2045-04-20 21:00:00,3300.8936828372193,1293.477425832706,2961.236351334234
2045-04-20 22:00:00,3392.291667333193,951.102927075656,3586.482736366681
2045-04-20 23:00:00,3287.157569560368,661.2200418426689,3959.8937718721695
2045-04-21 00:00:00,3179.9409276774873,711.1576991549249,13227.794478509151
2045-04-21 01:00:00,3204.860358881424,679.7903023624264,13281.566000779523
2045-04-21 02:00:00,3170.526920333777,665.4369176694304,11802.84913834456
2045-04-21 03:00:00,3079.0449195584365,679.7202858517288,9356.244875043065
2045-04-21 04:00:00,3198.215177227041,704.4361141279603,6640.783000389758
2045-04-21 05:00:00,3480.4138914831788,784.4649858552501,4167.292975953089
2045-04-21 06:00:00,3344.0769145407507,1147.150511268513,2352.5040993283556
2045-04-21 07:00:00,3438.327741005419,1698.8806155651366,1330.8451761914696
2045-04-21 08:00:00,3311.9585365445646,2184.655166784676,1021.6589231368852
2045-04-21 09:00:00,3482.518199007067,2732.0442474180536,941.0016397313416
2045-04-21 10:00:00,3466.569763036547,3282.163971968632,1303.9594150562878
2045-04-21 11:00:00,3490.381663964753,3676.496960217183,2285.2896964904035
2045-04-21 12:00:00,3542.8785990343804,4252.87287627934,3253.1770973569255
2045-04-21 13:00:00,3543.875376282537,4406.90919981393,3548.920469843919
2045-04-21 14:00:00,3408.0921644779755,4336.612623073598,3764.00655892537
2045-04-21 15:00:00,3545.6474247237065,4440.23705890596,4557.136512413214
2045-04-21 16:00:00,3508.545160486734,4240.760019928663,4718.451079224302
2045-04-21 17:00:00,3531.138778111637,3824.931962895969,4234.5073787910405
2045-04-21 18:00:00,3604.3465293374247,3266.4802735723806,3454.820305870784
2045-04-21 19:00:00,3616.086350260168,2631.920637120568,3737.1207977901854
2045-04-21 20:00:00,3630.927255954957,2273.2260528170636,5699.781360658418
2045-04-21 21:00:00,3662.270362758131,2024.6674398407945,7877.528012608098
2045-04-21 22:00:00,3541.6603157310774,1537.982673982187,9759.531292070786
2045-04-21 23:00:00,3649.312258532084,1015.1693886036486,11775.963377209371
2045-04-22 00:00:00,3230.543708071695,362.8727553215564,5735.222714153848
2045-04-22 01:00:00,3244.6688951908927,348.7229110898716,5664.1249119122685
2045-04-22 02:00:00,3106.4070271117384,338.03977869494963,4988.695790617291
2045-04-22 03:00:00,3062.8973266423845,325.87091265570075,3910.379123286714
2045-04-22 04:00:00,3107.438062667884,338.110527916108,2796.5135548353455
2045-04-22 05:00:00,3217.243349397414,377.0933487743994,1812.993957160204
2045-04-22 06:00:00,3182.6005547109144,481.0947038772826,1036.8429493563258
2045-04-22 07:00:00,3302.7161970019024,711.2419203056354,586.5568684930071
2045-04-22 08:00:00,3334.16278146435,1012.3859801664664,444.3612640098538
2045-04-22 09:00:00,3242.5037205229864,1304.827885824811,420.66199659599494
2045-04-22 10:00:00,3355.402113920954,1574.5592914913027,574.7072347860776
2045-04-22 11:00:00,3367.6714370390887,1873.6516239385396,1030.918132502861
2045-04-22 12:00:00,3385.6114557160267,2178.9345132371386,1540.452381900827
2045-04-22 13:00:00,3358.495220589391,2303.0640217595924,1735.9713380651613
2045-04-22 14:00:00,3260.7530498667675,2233.8359088560755,1735.971338065162
2045-04-22 15:00:00,3244.8751023021223,2219.6506900138097,1848.5428582809916
2045-04-22 16:00:00,3120.326007119707,2185.58494002603,1919.640660522568
2045-04-22 17:00:00,3018.9752119505733,2046.3858473968317,1801.144323453273
2045-04-22 18:00:00,3133.110848015915,1736.2566364488798,1552.3020156077555
2045-04-22 19:00:00,3320.037594345152,1401.7543188118516,1706.347253797839
2045-04-22 20:00:00,3191.776771160612,1246.035283042161,2630.618682938336
2045-04-22 21:00:00,3277.0434116538713,1057.6301070972788,3720.7849839758424
2045-04-22 22:00:00,3144.24603202229,760.9432481694283,4597.657878288623
2045-04-22 23:00:00,3257.5568396427147,479.8212178964311,5308.635900704387
2045-04-23 00:00:00,3140.401543913845,164.8443293707646,3788.8360803706737
2045-04-23 01:00:00,2985.599363418012,160.7786620544453,3788.836080370675
2045-04-23 02:00:00,2928.524820803119,153.6115172991947,3367.8542936628214
2045-04-23 03:00:00,2952.155684061215,153.59544746790488,2660.9226140968044
2045-04-23 04:00:00,2966.774777432749,156.07020148653405,1918.247197923517
2045-04-23 05:00:00,3189.2653628543153,173.32920029177882,1247.0592549647702
2045-04-23 06:00:00,3261.359521946811,232.7232967388784,702.9601532763202
2045-04-23 07:00:00,3295.403985962712,340.2626077302176,397.1526289696724
2045-04-23 08:00:00,3249.343828764729,459.1472196121552,301.8359980169509
2045-04-23 09:00:00,3194.071640127148,573.7733262022961,285.94989285816405
2045-04-23 10:00:00,3253.148798272388,697.7842142656799,401.12415525936905
2045-04-23 11:00:00,3297.5067322695772,821.5219151971371,710.9032058557136
2045-04-23 12:00:00,3278.181492401727,964.366645532166,1028.6253090314517
2045-04-23 13:00:00,3283.989077439733,1020.5789153838856,1115.9988874047797
2045-04-23 14:00:00,3325.9438728005052,1015.3240805521208,1119.9704136944763
2045-04-23 15:00:00,3188.1639243126237,1011.852996993524,1219.2585709368943
2045-04-23 16:00:00,3216.5009340670354,1003.8502210112036,1314.5752018896155
2045-04-23 17:00:00,3105.255641356253,910.4362917235984,1251.0307812544684
2045-04-23 18:00:00,3121.777219481616,779.7724935062377,1064.369045638722
2045-04-23 19:00:00,3217.0015879496227,646.6018016076679,1175.5717817502305
2045-04-23 20:00:00,2997.6150566000947,569.5951700669478,1787.1868303635256
2045-04-23 21:00:00,3067.10581550314,508.5619508282889,2470.2893521913616
2045-04-23 22:00:00,3050.5842373777764,368.1919745118895,3018.3599801695086
2045-04-23 23:00:00,2979.491386050453,241.256377153762,3479.057029774331
2045-04-24 00:00:00,2864.5543695190727,633.3166477667828,10032.122052461864
2045-04-24 01:00:00,2812.3298153185738,608.6804634576332,9947.104068966422
2045-04-24 02:00:00,2736.716926593032,577.9315416883187,8969.39725876886
2045-04-24 03:00:00,2808.666582200193,568.8550527323164,7077.747125995338
2045-04-24 04:00:00,2801.9976193436546,608.3717393434833,5058.570017978648
2045-04-24 05:00:00,3012.0229847974592,674.2534653030388,3400.7193398175805
2045-04-24 06:00:00,3091.6748228586507,948.52396831367,1976.668116268969
2045-04-24 07:00:00,3058.4239376302753,1400.3725817832342,1094.6065375037842
2045-04-24 08:00:00,3065.092900486814,1848.63999552866,797.0435952697458
2045-04-24 09:00:00,3102.0070188335685,2314.319449312132,797.0435952697459
2045-04-24 10:00:00,3140.330072995086,2877.8644472810724,1094.6065375037845
2045-04-24 11:00:00,3209.7436441356767,3463.514091823135,1881.0228848366005
2045-04-24 12:00:00,3191.051762326506,3956.916971057254,2699.3209759802044
2045-04-24 13:00:00,3254.641732099415,3959.2632743247937,3018.1384140881014
2045-04-24 14:00:00,3167.38164063851,3900.729182282001,3198.8016290159117
2045-04-24 15:00:00,3174.7081068752705,3960.065957021584,3198.801629015913
2045-04-24 16:00:00,3094.8684107054432,3766.372447804036,3315.7013563221417
2045-04-24 17:00:00,3028.084853085741,3375.1572503534794,3273.192364574422
2045-04-24 18:00:00,3005.917596266825,2792.0391435474467,2975.629422340385
2045-04-24 19:00:00,2972.29099482118,2473.3741129220816,3209.4288769528425
2045-04-24 20:00:00,2946.9301501554705,2206.6982231195343,4761.007075744614
2045-04-24 21:00:00,2825.9495281946033,1699.5262483943343,6588.89372089656
2045-04-24 22:00:00,3088.4812350118573,1103.9356873766503,8204.235407309909
2045-04-24 23:00:00,3000.2818530077784,722.1057029962491,9436.996167993782
2045-04-25 00:00:00,2985.85909326734,731.1097043027371,6691.9642613740525
2045-04-25 01:00:00,3037.317863840352,709.0870141343573,6621.670519132727
2045-04-25 02:00:00,2767.6161952670304,690.8437955460296,5974.968090512547
2045-04-25 03:00:00,2947.962353817308,687.5730989863694,4695.62198172045
2045-04-25 04:00:00,2810.9954579369905,720.2073824372022,3345.9821306870285
2045-04-25 05:00:00,3047.0325102475936,812.4410254196233,2256.429125946504
2045-04-25 06:00:00,3122.345066058189,1119.4504091530723,1335.581102585158
2045-04-25 07:00:00,3217.6640223906293,1677.503924376893,709.9667966373737
2045-04-25 08:00:00,3072.2328801356853,2301.7708743973944,534.2324410340634
2045-04-25 09:00:00,3298.555286039047,2873.6339973175564,513.1443183616658
2045-04-25 10:00:00,3309.327963243117,3375.649578152529,674.8199255167119
2045-04-25 11:00:00,3258.0615619058917,3875.9207874890176,1187.9642438783785
2045-04-25 12:00:00,3201.8897450560985,4480.418193860016,1778.4316787055006
2045-04-25 13:00:00,3194.8682679498743,4639.228682367968,2073.665396119062
2045-04-25 14:00:00,3228.340514976806,4519.4485061386285,2136.9297641362537
2045-04-25 15:00:00,3188.6162677867983,4525.335759946018,2165.047261032783
2045-04-25 16:00:00,3166.493805671297,4447.275135388792,2122.8710156879883
2045-04-25 17:00:00,3098.2989115848186,4095.5662320066535,2158.0178868086505
2045-04-25 18:00:00,3046.551587158126,3384.0080249161074,1940.107285860546
2045-04-25 19:00:00,3082.2360803966085,2683.642868274177,2010.4010281018695
2045-04-25 20:00:00,3107.821188756274,2369.292587817936,3064.8071617217324
2045-04-25 21:00:00,3082.0437111608207,2104.14812004814,4344.153270513829
2045-04-25 22:00:00,3096.9523269343103,1550.9643085909247,5454.794397926748
2045-04-25 23:00:00,3032.0277098562105,1001.2692401306792,6326.436801719168
2045-04-26 00:00:00,2914.3038489108894,602.0668593142437,6305.278174672258
2045-04-26 01:00:00,3060.5190573680766,575.6812228759104,6435.283910232512
2045-04-26 02:00:00,3015.254449998321,560.6206573582998,5733.252938207147
2045-04-26 03:00:00,2755.667190059211,560.9171251834497,4524.199597496799
2045-04-26 04:00:00,2951.2524005080622,599.3393553228656,3282.644822896384
2045-04-26 05:00:00,2978.937497573749,668.2384778876828,2119.0934896321205
2045-04-26 06:00:00,3127.7843692501087,938.1427859040743,1170.0516200422749
2045-04-26 07:00:00,3125.257972559704,1454.708324445111,663.029251357289
2045-04-26 08:00:00,2975.042636009375,1923.1274881818188,500.522081906973
2045-04-26 09:00:00,3138.100489069262,2339.546195387248,455.0200744608847
2045-04-26 10:00:00,3097.362342436482,2798.656269414251,591.52609679915
2045-04-26 11:00:00,3106.941596554268,3223.791130679084,1040.0458844820223
2045-04-26 12:00:00,3247.998745101878,3664.520199546799,1579.5696870570723
2045-04-26 13:00:00,3264.841389704577,3791.5270158409808,1826.5805846215528
2045-04-26 14:00:00,3131.7844973432493,3629.83346400427,1859.082018511615
2045-04-26 15:00:00,3293.0528194141,3741.0681920004818,2034.5897615179567
2045-04-26 16:00:00,3166.732984893852,3643.233809701044,2255.5995119703857
2045-04-26 17:00:00,3190.4179538663984,3242.705777923644,2093.0923425200704
2045-04-26 18:00:00,3203.8920695485576,2683.7453403861828,1677.0739887272605
2045-04-26 19:00:00,3448.9525485178387,2173.049864783113,1755.0774300634116
2045-04-26 20:00:00,3464.847794361637,1957.102700943988,2665.117578985183
2045-04-26 21:00:00,3362.8445279865364,1662.2950956150112,3822.168625471432
2045-04-26 22:00:00,3405.582738665887,1217.8898257154387,4810.212215729353
2045-04-26 23:00:00,3350.844143707113,786.5291401224583,5642.248923314972
2045-04-27 00:00:00,3020.803856892155,849.3384131732528,8268.851161378552
2045-04-27 01:00:00,3036.2880325402853,817.1628288935123,7550.582310496097
2045-04-27 02:00:00,2953.010959663485,788.7868739131385,6289.232133336654
2045-04-27 03:00:00,2955.0953679238105,753.0541898637784,4730.063164347901
2045-04-27 04:00:00,2930.77727155335,764.6956072916244,3328.562967504078
2045-04-27 05:00:00,3030.2333228317216,832.8464051504717,2233.640938719842
2045-04-27 06:00:00,2964.6240913995825,1076.6694257225763,1313.9064345410836
2045-04-27 07:00:00,2999.6620016802863,1521.4685832781863,797.1032369549246
2045-04-27 08:00:00,3077.5791676019635,2046.4641720034008,613.156336119173
2045-04-27 09:00:00,3012.863253995679,2640.0147744703754,648.1938410402687
2045-04-27 10:00:00,3130.0864042549156,3285.951755362653,1016.0876427117704
2045-04-27 11:00:00,3106.5623681741035,4049.273028652378,1883.265889508884
2045-04-27 12:00:00,3165.5213446804437,4887.535926633862,2776.7222649968226
2045-04-27 13:00:00,3117.182924548141,5203.471060717344,2969.428542062849
2045-04-27 14:00:00,2953.110217199692,5157.632979595207,2759.2035125362754
2045-04-27 15:00:00,2997.1805632751366,5223.843541216079,2382.5503346344985
2045-04-27 16:00:00,2828.542009261213,5056.498165690793,2356.2722059436765
2045-04-27 17:00:00,2755.9847502946564,4699.656384256683,2321.2347010225803
2045-04-27 18:00:00,2895.838618808853,4038.520886166938,2338.753453483128
2045-04-27 19:00:00,3198.574104237028,3441.0089680474352,3048.262928135314
2045-04-27 20:00:00,3066.85935369172,3185.140314164572,4800.138174190092
2045-04-27 21:00:00,3118.374014982613,2702.264020438716,6639.60718254761
2045-04-27 22:00:00,3110.631927158548,1883.726857543304,7900.957359707049
2045-04-27 23:00:00,3149.2431087426653,1137.7060240421836,8409.001181062935
2045-04-28 00:00:00,3056.4719040651453,1055.1071447583993,7908.079910910948
2045-04-28 01:00:00,3064.0712361519923,1023.0639307717304,7221.149240683515
2045-04-28 02:00:00,3101.2463471714314,981.1126177233944,6048.340779319603
2045-04-28 03:00:00,3039.219366354466,991.5477433308952,4640.970625682909
2045-04-28 04:00:00,2969.490359773804,1044.3558032233984,3267.1092852280403
2045-04-28 05:00:00,3117.985416497864,1183.4908113234076,2136.1868403414114
2045-04-28 06:00:00,3347.1977032254586,1633.9931027017697,1273.3349009093909
2045-04-28 07:00:00,3380.265067170927,2463.532885843488,770.7027031819996
2045-04-28 08:00:00,3258.6757537813787,3405.118512629378,586.4042306819562
2045-04-28 09:00:00,3327.7885983009446,4269.4420477961,619.9130438637824
2045-04-28 10:00:00,3324.7077879954663,5097.506156609486,988.5099888638696
2045-04-28 11:00:00,3349.5596577929928,5839.981154379535,1851.3619282958896
2045-04-28 12:00:00,3223.1437415915275,6591.837224665417,2663.9506479551687
2045-04-28 13:00:00,3186.5847926331835,6748.680324705426,2722.5910710233657
2045-04-28 14:00:00,3265.761617483979,6594.26154677625,2479.6521754551277
2045-04-28 15:00:00,3160.808679744014,6517.210265775407,2362.3713293187384
2045-04-28 16:00:00,3243.682476961384,6419.92116541457,2345.616922727824
2045-04-28 17:00:00,3136.983746714981,5834.078457066197,2236.71327988689
2045-04-28 18:00:00,3261.3457893794603,4870.14690473697,2270.2220930687163
2045-04-28 19:00:00,3418.261727605161,3929.72073635191,2948.7755600006935
2045-04-28 20:00:00,3290.9215683120533,3312.1510299443744,4640.970625682909
2045-04-28 21:00:00,3185.0443874804437,2832.662278545178,6316.411284774211
2045-04-28 22:00:00,3119.4231279737537,2055.4035287501288,7355.184493410819
2045-04-28 23:00:00,3039.219366354466,1413.801411852588,7908.079910910948
2045-04-29 00:00:00,3109.290990395397,530.6740805783584,4516.550493382081
2045-04-29 01:00:00,3142.216877239884,507.3173147238362,4213.665450433382
2045-04-29 02:00:00,2969.997051657663,486.3641534091532,3590.078597303706
2045-04-29 03:00:00,3146.6275100570588,483.7515397788936,2699.2402356898824
2045-04-29 04:00:00,3017.4882840844457,515.0506510694055,1803.947682267991
2045-04-29 05:00:00,3230.532106439581,577.0740986517719,1149.181486481831
2045-04-29 06:00:00,3320.5910741949065,768.4219209319948,694.8539220587814
2045-04-29 07:00:00,3337.105304045257,1190.2022654011266,396.423070918151
2045-04-29 08:00:00,3475.988951358137,1648.1934347856593,316.24761837290697
2045-04-29 09:00:00,3428.2925732189283,2058.5305315542537,311.79342656483794
2045-04-29 10:00:00,3563.2784519957013,2505.130705510853,449.8733726149802
2045-04-29 11:00:00,3489.220849809661,2922.1038409003067,792.8461418363022
2045-04-29 12:00:00,3592.203997447868,3267.0210923671984,1166.9982537141077
2045-04-29 13:00:00,3532.506595131696,3394.0986193430313,1376.3452686933565
2045-04-29 14:00:00,3329.6174855416816,3252.0246901295063,1509.9710229354296
2045-04-29 15:00:00,3361.5176438240346,3258.294962842131,1545.604557399983
2045-04-29 16:00:00,3279.6645045657783,3213.3057561290584,1309.5323915723195
2045-04-29 17:00:00,3288.178051631486,2888.6623864329827,1184.8150209463836
2045-04-29 18:00:00,3209.9149623406984,2441.6964465681476,1086.8228011688634
2045-04-29 19:00:00,3343.7725396991245,1988.2512249002675,1291.7156243400434
2045-04-29 20:00:00,3495.477794038675,1711.1051710023146,2048.9282317117923
2045-04-29 21:00:00,3323.0528227440277,1395.6059490121468,2904.1330588610617
2045-04-29 22:00:00,3410.034604812951,1003.8184090183968,3705.8875843135015
2045-04-29 23:00:00,3236.3787592437434,679.4363006853476,4365.107971907731
2045-04-30 00:00:00,3171.9670837951685,260.9806532443927,4212.163975492606
2045-04-30 01:00:00,3163.3430904790325,253.2844470499612,3994.7619638542774
2045-04-30 02:00:00,2974.8620799311934,240.6023265435225,3433.1401004552663
2045-04-30 03:00:00,2934.131894630889,240.57675775217885,2708.4667283275035
2045-04-30 04:00:00,2898.1812718913343,252.057145065467,1915.8552275627665
2045-04-30 05:00:00,3014.5532298922053,280.6941913703283,1204.769481162402
2045-04-30 06:00:00,3245.2190752153588,385.0659976350104,679.3812863697752
2045-04-30 07:00:00,3331.3551048427908,576.8319327122066,412.1579803976638
2045-04-30 08:00:00,3243.5566186724895,773.5837821014103,330.6322260332907
2045-04-30 09:00:00,3431.9337256864,954.4318432748784,339.6906431848876
2045-04-30 10:00:00,3410.217887095166,1167.4710127499718,593.3263234296039
2045-04-30 11:00:00,3470.689743842047,1382.095447288371,1068.8932238884468
2045-04-30 12:00:00,3508.4067266584007,1584.0121925289866,1376.8794070427446
2045-04-30 13:00:00,3482.6386502439227,1631.749125967537,1218.3571068897973
2045-04-30 14:00:00,3443.467017952557,1605.8223715450993,1168.5358125560142
2045-04-30 15:00:00,3557.553098206983,1613.4163025741564,1363.29178131535
2045-04-30 16:00:00,3420.0887228184547,1584.344586816453,1444.8175356797226
2045-04-30 17:00:00,3334.2644037928117,1414.158711633277,1358.7625727395514
2045-04-30 18:00:00,3416.140388529139,1185.599285812603,1254.5907754961852
2045-04-30 19:00:00,3471.4170685795525,1006.9757094860304,1666.7487558938492
2045-04-30 20:00:00,3360.551997876937,888.5922055650411,2554.4736367503547
2045-04-30 21:00:00,3327.198963485616,744.0518280995218,3224.796505968535
2045-04-30 22:00:00,3343.823528914312,517.1543737161832,3632.425277790398
2045-04-30 23:00:00,3285.221935778159,344.20706906789593,4021.9372153090694
2045-05-01 00:00:00,3224.9541508127313,424.29587249693014,8417.558979094247
2045-05-01 01:00:00,3092.4828933954686,411.4046786318271,8722.957944322157
2045-05-01 02:00:00,3104.1013591987053,396.4577462101628,8283.946931807037
2045-05-01 03:00:00,3035.63540000106,409.2204564154807,6852.389282301216
2045-05-01 04:00:00,3178.480287599784,439.3712885783795,5124.976385230853
2045-05-01 05:00:00,3252.3405344917896,499.45881347120206,3550.262970774447
2045-05-01 06:00:00,3242.278113215772,710.9429174774435,2090.074168278505
2045-05-01 07:00:00,3255.8675687534865,1119.4352998208092,1087.983813624426
2045-05-01 08:00:00,3215.6178836494164,1511.5246015982789,753.9536954064007
2045-05-01 09:00:00,3296.013517555742,1820.013868742256,744.4099777430284
2045-05-01 10:00:00,3133.251260008612,2138.995968102015,963.9154840005884
2045-05-01 11:00:00,3164.164677949368,2400.7600109708183,1708.3254617436182
2045-05-01 12:00:00,3237.713715935929,2663.980201983853,2452.7354394866484
2045-05-01 13:00:00,3276.718565418224,2721.88350466033,2576.8037691104864
2045-05-01 14:00:00,3303.2750586827647,2611.3875572451593,2424.1042864965307
2045-05-01 15:00:00,3277.0297743236683,2631.131212965468,2557.71633378374
2045-05-01 16:00:00,3232.215691939755,2619.738995131191,3006.2710639622337
2045-05-01 17:00:00,3305.764729926316,2305.1253402041243,3244.864005546537
2045-05-01 18:00:00,3268.0047160657964,1882.8423783771616,3015.8147816256037
2045-05-01 19:00:00,3411.679494079037,1483.0012291259916,2939.4650403186265
2045-05-01 20:00:00,3372.7783808985573,1264.4076959449749,4256.498077863988
2045-05-01 21:00:00,3391.3471789233727,1110.355787862664,5802.580339330278
2045-05-01 22:00:00,3427.654884558488,831.9745249949899,6871.4767176279565
2045-05-01 23:00:00,3385.537946021754,579.4184777441168,7749.498742658199
2045-05-02 00:00:00,3011.4042577161326,746.0489542208855,8968.143272342973
2045-05-02 01:00:00,2974.098621026038,721.2356370854028,8120.759656058599
2045-05-02 02:00:00,2938.098681620097,660.9952139819188,6814.376580953518
2045-05-02 03:00:00,2746.3477090330125,671.1069992885749,5207.878475081056
2045-05-02 04:00:00,2770.9694292484746,713.9207285656942,3460.1497664945337
2045-05-02 05:00:00,2856.119544993616,778.9660425595746,2136.1128660501968
2045-05-02 06:00:00,2946.399185783643,1104.264327318388,1341.6907257835956
2045-05-02 07:00:00,2914.4096023218876,1667.6557129147802,820.902878275489
2045-05-02 08:00:00,2918.1401659908965,2100.45446699755,591.4031488651369
2045-05-02 09:00:00,2991.725534362108,2511.738784257645,635.5377122132818
2045-05-02 10:00:00,2990.6063652614052,3282.3859112457867,944.479655650294
2045-05-02 11:00:00,3067.735769118174,4033.024611988844,1703.5941452383815
2045-05-02 12:00:00,3020.26434643003,4529.075810330269,2453.881722156837
2045-05-02 13:00:00,2965.798116862492,4554.032557044571,2718.6891022457044
2045-05-02 14:00:00,3007.393901771947,4536.821007586434,2895.2273556382825
2045-05-02 15:00:00,2939.311114812525,4644.393191699794,3045.284871021974
2045-05-02 16:00:00,2811.9123655158533,4489.9195353130035,2639.246888219046
2045-05-02 17:00:00,2634.6173271461803,3767.53646159706,2153.766691389454
2045-05-02 18:00:00,2677.6120734315145,3195.2524421139615,2215.5550800768574
2045-05-02 19:00:00,2867.4977641840937,3032.029581419283,2753.9967529242213
2045-05-02 20:00:00,2940.243755729777,2682.921986576713,4307.533382778908
2045-05-02 21:00:00,2918.699750541248,2018.4844627031669,6037.608266026178
2045-05-02 22:00:00,2857.8915627363945,1256.0845364970496,7432.260467827545
2045-05-02 23:00:00,2785.984948016238,887.1836597776191,8650.374416236327
2045-05-03 00:00:00,3073.5989304784803,692.8552053262654,8950.473051679452
2045-05-03 01:00:00,3021.9982890119813,659.1901429784367,8608.851942836727
2045-05-03 02:00:00,2997.6973857161347,642.0552310049912,7396.097006445053
2045-05-03 03:00:00,3004.418912159666,632.177458220299,5756.31568399996
2045-05-03 04:00:00,3006.280257944029,629.0864544917562,3877.3995853649585
2045-05-03 05:00:00,3058.81157230271,699.5075829159562,2271.7803738041384
2045-05-03 06:00:00,3171.112767959259,902.5730887345942,1323.7817967655683
2045-05-03 07:00:00,3269.970910728745,1259.1136492487203,802.8096057804091
2045-05-03 08:00:00,3373.2756017608754,1780.2165604411548,606.3774681958411
2045-05-03 09:00:00,3380.9278010965886,2435.9797210249008,580.7558850326367
2045-05-03 10:00:00,3224.471347110991,2996.1233532235005,828.4311889436142
2045-05-03 11:00:00,3213.82031290047,3445.125242661004,1434.8086571394551
2045-05-03 12:00:00,3240.1893781789418,4041.2857878704526,2007.0240144510249
2045-05-03 13:00:00,3299.6490351794173,4352.60361992133,2246.158790640932
2045-05-03 14:00:00,3318.055676824782,4315.511575178813,2621.942010367932
2045-05-03 15:00:00,3306.163745424686,4220.295221193037,3296.643700332321
2045-05-03 16:00:00,3264.4902814747884,4086.575712066932,3057.50892414241
2045-05-03 17:00:00,3368.208604903444,3905.7519939471586,2374.266706456956
2045-05-03 18:00:00,3298.304729890711,3512.0521929572865,1989.942959008888
2045-05-03 19:00:00,3421.774000253437,2782.9784874204825,2305.9424846884094
2045-05-03 20:00:00,3328.60330293617,2302.125820432338,3569.9405874065023
2045-05-03 21:00:00,3300.166075675074,2028.975164855646,4987.668189103816
2045-05-03 22:00:00,3217.129372072671,1549.466412532087,6337.071569032594
2045-05-03 23:00:00,3175.869540519298,1022.1814938825668,7959.771836035554
2045-05-04 00:00:00,2743.945788709205,447.16260244384773,5010.477236312254
2045-05-04 01:00:00,2759.1317298845893,435.5097136963251,4934.724880687661
2045-05-04 02:00:00,2797.1926963747937,415.28719081151934,4371.99309604784
2045-05-04 03:00:00,2773.164308439059,417.5089478100743,3419.677768195833
2045-05-04 04:00:00,2855.341395179273,451.3340645635836,2472.7733228884435
2045-05-04 05:00:00,2837.079820348114,518.1681424384801,1661.1409411963944
2045-05-04 06:00:00,2885.0404826678414,716.1312252076791,941.4935627627776
2045-05-04 07:00:00,3042.4744804227776,1092.3789716160186,524.8556068275255
2045-05-04 08:00:00,3110.330647953293,1549.6528355022688,411.22707339063857
2045-05-04 09:00:00,3131.47562933674,1941.9969846552417,400.4053083014113
2045-05-04 10:00:00,3113.1179409538386,2297.432762444464,595.1970799075029
2045-05-04 11:00:00,3142.432574235436,2645.0243777694036,1060.5329787442777
2045-05-04 12:00:00,3078.805402981609,2934.0341554997917,1509.6362299472105
2045-05-04 13:00:00,3077.748153912437,2924.0135780165124,1590.799468116416
2045-05-04 14:00:00,3114.4635306782397,2837.546422991121,1547.512407759507
2045-05-04 15:00:00,3167.518211240343,2772.253972421345,1536.6906426702803
2045-05-04 16:00:00,3078.1326081194084,2732.9878181203535,1644.9082935625531
2045-05-04 17:00:00,2822.182219827958,2494.897083438479,1693.6062364640766
2045-05-04 18:00:00,2840.7321353143457,2016.3124891579264,1504.2253474025986
2045-05-04 19:00:00,3042.5705939745203,1633.0820778969849,1742.3041793656005
2045-05-04 20:00:00,3096.105842295339,1360.4860967681664,2662.1542119499213
2045-05-04 21:00:00,3066.8873225654847,1103.034336813171,3603.6477747126983
2045-05-04 22:00:00,3041.1288906983764,764.6018013598261,4328.7060356909315
2045-05-04 23:00:00,2906.954372465232,540.1136605466551,4804.8636996169325
2045-05-05 00:00:00,2925.1115347808604,529.3517742409094,9243.174245674203
2045-05-05 01:00:00,2970.3000687671993,505.72093842522384,9647.563118922451
2045-05-05 02:00:00,3000.4589361633666,492.3529377633436,9146.891180615095
2045-05-05 03:00:00,3015.986273832682,503.1420721558061,7529.3356876221105
2045-05-05 04:00:00,2954.7727310978844,537.1410029730289,5391.851643309951
2045-05-05 05:00:00,3128.957608798528,601.9810691755345,3533.5884876692003
2045-05-05 06:00:00,3042.9600463223246,911.2345018102124,2079.7142052766967
2045-05-05 07:00:00,2983.538119472448,1355.431059236467,1116.8835546856335
2045-05-05 08:00:00,3099.395946697333,1734.9980701556808,741.379600955119
2045-05-05 09:00:00,3223.4155796201912,2159.0373667413846,731.7512944492083
2045-05-05 10:00:00,3232.672261692282,2596.3394041412375,885.8041985437791
2045-05-05 11:00:00,3277.661727246962,2928.3289638858837,1415.3610563688635
2045-05-05 12:00:00,3227.2974140375195,3330.368952295737,1925.6613011821255
2045-05-05 13:00:00,3216.9458555913093,3312.5800380291407,2195.253883347623
2045-05-05 14:00:00,3404.56785242886,3257.0554683508585,2695.9258216549756
2045-05-05 15:00:00,3423.2802850047,3347.578937399812,3283.252518515522
2045-05-05 16:00:00,3381.874051219862,3135.2698245256984,3485.4469551396464
2045-05-05 17:00:00,3279.851479995199,2806.4906901368577,3196.5977599623297
2045-05-05 18:00:00,3243.8200938651235,2318.2428864350363,2801.837193219994
2045-05-05 19:00:00,3433.532309235082,1930.623497164376,2541.872917560408
2045-05-05 20:00:00,3425.7686404004244,1665.5792005768608,3485.4469551396483
2045-05-05 21:00:00,3304.834568168263,1379.1671548998852,4814.153252955316
2045-05-05 22:00:00,3446.073620429528,991.7582853246876,6219.886002818267
2045-05-05 23:00:00,3287.8142172615144,664.8738281950098,7933.72456087036
2045-05-06 00:00:00,2903.9725766966917,569.9244892047203,8546.644883720894
2045-05-06 01:00:00,2869.266026624559,547.9683367288409,8252.566780195013
2045-05-06 02:00:00,2914.8721544052955,528.6535259041952,7278.43306226554
2045-05-06 03:00:00,2908.370651912444,512.4753082903893,5734.523018754666
2045-05-06 04:00:00,3042.894387316001,528.7085538552626,4163.043153038242
2045-05-06 05:00:00,2892.4037266726477,582.9661136076866,2812.121864966231
2045-05-06 06:00:00,2954.0723900239577,772.9226006922373,1663.3792730682603
2045-05-06 07:00:00,3034.5762885383833,1119.2685247102452,928.1840142535602
2045-05-06 08:00:00,3112.689928783376,1517.505806584781,680.0556144035984
2045-05-06 09:00:00,3233.3501662242356,1941.6612534120457,680.0556144035983
2045-05-06 10:00:00,3280.9641109512945,2385.461678770361,946.563895723928
2045-05-06 11:00:00,3185.449390504845,2867.7816698758324,1755.278680420099
2045-05-06 12:00:00,3138.600328424005,3378.3860278299317,2646.702931732924
2045-05-06 13:00:00,3237.2701897861025,3542.0391543042815,2894.831331582885
2045-05-06 14:00:00,3062.59011545611,3486.9011473347796,2655.892872468108
2045-05-06 15:00:00,3098.8264308206785,3514.470150819528,2545.6135836459043
2045-05-06 16:00:00,3172.063944196034,3404.3041927826603,2683.46269467366
2045-05-06 17:00:00,3094.045914281817,3144.132040136149,2711.032516879212
2045-05-06 18:00:00,3144.1457276090837,2676.1193163081934,2591.563287321822
2045-05-06 19:00:00,3279.721176651191,2248.332024710482,2904.021272318069
2045-05-06 20:00:00,3249.125870802479,2029.9260869241027,4484.691078769674
2045-05-06 21:00:00,3199.5041091290973,1706.4717905501202,6304.299344336061
2045-05-06 22:00:00,3262.606927442067,1198.2886624429846,7535.751402850684
2045-05-06 23:00:00,3279.721176651191,748.9854419779325,8270.946661665383
2045-05-07 00:00:00,3312.420363274683,143.1855985189587,4673.69401666239
2045-05-07 01:00:00,3350.400278671619,137.62930831643803,4467.933902721279
2045-05-07 02:00:00,3268.7230412588538,132.07301811391733,3909.4421648811167
2045-05-07 03:00:00,3258.7175796757897,131.40626328961488,2968.824501150322
2045-05-07 04:00:00,3166.3202048526,134.86505394068405,2111.490693062357
2045-05-07 05:00:00,3394.097600687448,149.01970323160555,1474.6141499112985
2045-05-07 06:00:00,3452.496825437576,206.0550221604806,886.7281100795516
2045-05-07 07:00:00,3313.645521835875,296.4836452065051,475.207882197329
2045-05-07 08:00:00,3386.9508424138317,391.7045685522042,362.5297245629108
2045-05-07 09:00:00,3512.529594935957,501.49686295401307,352.7316238990484
2045-05-07 10:00:00,3572.153978247276,620.8181950531455,450.7126305376728
2045-05-07 11:00:00,3342.640941117407,730.1937676897659,827.9395060963767
2045-05-07 12:00:00,3306.2945704687263,852.1960098116142,1357.036941944949
2045-05-07 13:00:00,3210.1196234151953,885.2142643400933,1690.1723645162706
2045-05-07 14:00:00,3256.6756487404714,881.4498777278855,1636.2828108650278
2045-05-07 15:00:00,3302.5169982383863,886.6866812437614,1386.4312439365367
2045-05-07 16:00:00,3256.981938380769,851.7792880464252,1293.3492876298435
2045-05-07 17:00:00,3234.724891185791,776.7832610379014,1386.431243936536
2045-05-07 18:00:00,3205.729471904259,669.9080189924159,1312.9454889575682
2045-05-07 19:00:00,3253.510655790726,566.8110542846443,1410.9264955961928
2045-05-07 20:00:00,3244.526159675322,494.1486691611796,2233.966951360638
2045-05-07 21:00:00,3176.836149169493,417.26350348379935,3321.556125049368
2045-05-07 22:00:00,3236.868918667876,296.4141915789736,4213.183285460852
2045-05-07 23:00:00,3250.3456628409813,194.08121677404836,4663.895915998528
2045-05-08 00:00:00,2875.6307119469566,546.8877730762932,11618.371486850212
2045-05-08 01:00:00,2952.754907286531,532.470795431609,11090.26369199338
2045-05-08 02:00:00,2892.6665486126008,521.1512153277746,9414.095473534757
2045-05-08 03:00:00,2927.015980150394,535.3992440156854,7186.85825174727
2045-05-08 04:00:00,2871.279166711711,580.4522991553248,4844.814987599594
2045-05-08 05:00:00,2968.2167807819787,670.3894604778291,2904.5928717125516
2045-05-08 06:00:00,3057.377165070106,973.9344194811468,1618.7651972785372
2045-05-08 07:00:00,3229.8650113097524,1512.7689589512288,998.8125685335658
2045-05-08 08:00:00,3100.707445284896,2083.02800438121,826.6035049932958
2045-05-08 09:00:00,3115.428630229665,2549.383441395398,803.6422965212597
2045-05-08 10:00:00,3181.3499112402,2912.5110658208905,1308.7888829060505
2045-05-08 11:00:00,3238.6606878490797,3211.6070356291693,2250.198430259525
2045-05-08 12:00:00,3162.462353197856,3575.5794048385296,2973.47649712866
2045-05-08 13:00:00,3107.466228309853,3574.7346600546603,3053.840726780786
2045-05-08 14:00:00,3054.969927280395,3430.226985694269,3501.584291985489
2045-05-08 15:00:00,3040.0635701979572,3419.6395177364516,4121.536920730462
2045-05-08 16:00:00,3065.9876694717627,3369.686942850378,3891.924836010101
2045-05-08 17:00:00,3065.339566989917,3060.735617230301,3294.933415737164
2045-05-08 18:00:00,2906.9248032131945,2423.12225436656,2743.8644124083007
2045-05-08 19:00:00,3026.360832010373,1831.744589339874,3558.987313165578
2045-05-08 20:00:00,2981.6417607630574,1541.9408121541458,5510.690033288636
2045-05-08 21:00:00,2959.6062763803225,1380.1440278839175,7278.703085635407
2045-05-08 22:00:00,2992.75208902326,1047.652480953382,8977.83251256607
2045-05-08 23:00:00,2995.622257157145,720.9615148720737,10745.84556491284
2045-05-09 00:00:00,3131.501278468884,426.3615013343484,5101.056903661367
2045-05-09 01:00:00,2996.3357538227788,401.6286268784708,4720.853904630707
2045-05-09 02:00:00,2870.667806722074,384.835212962211,4013.2538786569753
2045-05-09 03:00:00,2914.8565359333,388.8257271601341,3041.6239922452864
2045-05-09 04:00:00,2947.748146590525,401.545491166014,2096.3970918773934
2045-05-09 05:00:00,2998.635167333771,446.9375901673893,1383.5164686949042
2045-05-09 06:00:00,3144.997836033398,589.6816084555974,829.0537617751905
2045-05-09 07:00:00,3207.2819498311223,887.7231376129799,480.5343459970852
2045-05-09 08:00:00,3309.9557618219133,1225.6698087495938,374.9224018219016
2045-05-09 09:00:00,3295.259510251664,1601.3600933415648,385.4835962394199
2045-05-09 10:00:00,3228.9764164348244,2004.8592737503125,586.1462901722686
2045-05-09 11:00:00,3288.261295218212,2291.3033710199807,1061.4000389605942
2045-05-09 12:00:00,3367.741023098133,2551.3103117284086,1541.9343849576792
2045-05-09 13:00:00,3371.0401816139033,2707.6470190032915,1689.7911068029364
2045-05-09 14:00:00,3322.252625380693,2623.6799494219927,1689.7911068029357
2045-05-09 15:00:00,3234.974886463497,2597.866310704177,1605.3015514627896
2045-05-09 16:00:00,3152.1960000678064,2532.480072856959,1473.2866212438096
2045-05-09 17:00:00,3147.7971220467794,2297.330710173092,1425.7612463649775
2045-05-09 18:00:00,3149.5966630553808,2066.5875402494344,1388.797065903663
2045-05-09 19:00:00,3286.861652211521,1665.6655669268475,1721.474690055492
2045-05-09 20:00:00,3261.0682310882257,1339.150056253033,2703.6657708846983
2045-05-09 21:00:00,3188.086845739368,1099.6360686651897,3738.662823801496
2045-05-09 22:00:00,3172.490823664817,833.7680602285619,4551.87479395041
2045-05-09 23:00:00,3174.590288174853,591.9262726919295,5069.373320408809
2045-05-10 00:00:00,3032.416275716005,908.8966683898284,12907.001451861765
2045-05-10 01:00:00,2875.214710389461,858.8840793469899,12907.001451861765
2045-05-10 02:00:00,2780.8745768632143,839.9924626829982,11303.172869086044
2045-05-10 03:00:00,2729.529743255337,853.8645676729823,8782.870810438477
2045-05-10 04:00:00,2739.318851718895,913.2773331235072,6173.467163858932
2045-05-10 05:00:00,2897.0962469550605,1038.4000695792215,3869.554675903331
2045-05-10 06:00:00,2987.501542765564,1454.3806915815146,2151.166908643628
2045-05-10 07:00:00,3066.102325428836,2236.146818846026,1272.8798275997797
2045-05-10 08:00:00,3025.98617505857,3090.467705762101,941.9310724238368
2045-05-10 09:00:00,2938.6519720993792,3951.268325930077,878.2870810438478
2045-05-10 10:00:00,3003.1449219769347,4714.142836530598,1132.863046563804
2045-05-10 11:00:00,3028.9612962582787,5232.521496682644,1922.0485396756687
2045-05-10 12:00:00,3076.179348847204,5768.33155192079,2914.8948052034984
2045-05-10 13:00:00,2986.9257128559425,5908.786614944383,3551.334719003385
2045-05-10 14:00:00,3004.1046384929705,5641.018483098234,3984.1138603873096
2045-05-10 15:00:00,2941.14723504107,5623.313296466284,4365.977808667243
2045-05-10 16:00:00,2966.3877794127925,5429.3776181523535,4505.99458970322
2045-05-10 17:00:00,2844.599753527942,4973.149638909382,3831.3682810753367
2045-05-10 18:00:00,2988.9411175396167,4226.246301817067,3067.640384515468
2045-05-10 19:00:00,3110.8251150760707,3250.8182877844843,3284.029955207433
2045-05-10 20:00:00,3235.684233812233,2614.0704159744805,4964.231327639141
2045-05-10 21:00:00,3127.2362675002696,2168.15525162538,7255.415017318744
2045-05-10 22:00:00,3131.363048519221,1678.0683845450117,9495.683513894355
2045-05-10 23:00:00,3001.225488944865,1182.0493673044537,11506.83364150201
2045-05-11 00:00:00,3036.5666481536323,1023.8434677490563,7125.595032811104
2045-05-11 01:00:00,3001.9137884360503,964.0657731195068,6824.937014549031
2045-05-11 02:00:00,3055.6989312653113,933.3745406419196,5832.765554284196
2045-05-11 03:00:00,2998.0092408622386,933.675435077974,4494.837373017975
2045-05-11 04:00:00,2941.7837557993453,983.5236133177158,3202.007894491064
2045-05-11 05:00:00,3033.247782715892,1096.0581324022028,2074.540326008296
2045-05-11 06:00:00,3163.9525127492498,1536.3669904956944,1157.5333703089764
2045-05-11 07:00:00,3172.05444896491,2268.3428552716155,699.0298924593171
2045-05-11 08:00:00,3103.9200938018903,3039.134102298605,548.7008833282814
2045-05-11 09:00:00,3009.1372014476024,3960.071672916926,548.7008833282813
2045-05-11 10:00:00,2982.7815053243708,4899.664698570644,864.3918025034559
2045-05-11 11:00:00,2999.4734462024176,5618.000015578752,1555.905244506222
2045-05-11 12:00:00,3045.351880194709,6330.217145720407,2194.8035333131247
2045-05-11 13:00:00,3074.1479185515727,6479.460786003578,2254.9351369655387
2045-05-11 14:00:00,3130.5686309931566,6315.473318353725,2187.2870828565724
2045-05-11 15:00:00,3058.334500877634,6357.097048674634,2187.287082856572
2045-05-11 16:00:00,2909.2783972473594,5998.731775333393,2330.099641531056
2045-05-11 17:00:00,2862.814281118996,5490.420774691521,2209.8364342262284
2045-05-11 18:00:00,2900.2979378275913,4763.158922747128,1984.3429205296732
2045-05-11 19:00:00,2969.017975126684,3928.477757131176,2510.4944524883003
2045-05-11 20:00:00,3068.583938258891,3266.81089224672,3878.488435580729
2045-05-11 21:00:00,3047.108926602925,2589.497516687416,5231.449517760051
2045-05-11 22:00:00,2987.4669624129456,1878.183069853923,6223.620978024889
2045-05-11 23:00:00,2986.1979844514567,1282.3117883201112,6855.00281637524
2045-05-12 00:00:00,2822.435836291479,396.0717423995613,9613.575081552171
2045-05-12 01:00:00,2935.402256870209,375.32802727292653,8699.973993888461
2045-05-12 02:00:00,2862.199249811557,358.124065369736,7474.917989975767
2045-05-12 03:00:00,2881.362340664608,341.11041277963363,5751.534120064693
2045-05-12 04:00:00,2892.7643797221726,357.9718179192653,3955.477436362178
2045-05-12 05:00:00,2961.6556913388868,394.92988652103065,2678.5122797413173
2045-05-12 06:00:00,2936.4562268671266,484.1468924968688,1650.711056119649
2045-05-12 07:00:00,3094.4559109505244,722.1857813078299,955.1284098302364
2045-05-12 08:00:00,3161.0476516648732,1038.8985401495318,726.7281379143102
2045-05-12 09:00:00,3203.972975175705,1363.261733377387,809.7827822473741
2045-05-12 10:00:00,3180.402373426454,1719.4446437536212,1339.256139870658
2045-05-12 11:00:00,3139.584989909457,2100.7103215949046,2398.2028551172257
2045-05-12 12:00:00,3166.413317103727,2390.2469105275854,3228.749298447869
2045-05-12 13:00:00,3145.429732619637,2520.152047641721,3187.221976281335
2045-05-12 14:00:00,3156.0652480430804,2427.3191647172043,3176.8401457397017
2045-05-12 15:00:00,2968.0753267746586,2410.876440066368,2979.585365448674
2045-05-12 16:00:00,2928.5035441631107,2354.773254567909,2730.421432449481
2045-05-12 17:00:00,2792.1581527436592,2178.8893874116175,2792.71241569928
2045-05-12 18:00:00,2815.8245699471763,1890.761087395793,2989.967195990306
2045-05-12 19:00:00,3050.380801988509,1589.7678778151922,3862.0409614874784
2045-05-12 20:00:00,3030.163741138542,1390.133408385469,5917.643408730817
2045-05-12 21:00:00,3017.9951784468544,1074.943124048474,7744.845584058227
2045-05-12 22:00:00,2981.297859463264,736.8395984156364,9052.956232303985
2045-05-12 23:00:00,2784.49291640244,476.76289114903955,9841.975353468091
2045-05-13 00:00:00,2757.142435538001,386.6305710566682,7661.19067860629
2045-05-13 01:00:00,2801.658897716637,371.1035491221248,7567.571240578512
2045-05-13 02:00:00,2587.1356015282113,361.3315676558574,6537.757422272984
2045-05-13 03:00:00,2696.5079439498604,361.5246898192223,5102.259372513764
2045-05-13 04:00:00,2790.5297821719787,384.5448516923266,3643.3564632475945
2045-05-13 05:00:00,2823.0536629447315,435.2973562246404,2278.0729920092035
2045-05-13 06:00:00,2893.665982262568,615.9052034035593,1248.2591737036728
2045-05-13 07:00:00,2919.665898750521,920.3429817320964,756.7571240578524
2045-05-13 08:00:00,3097.4439255113225,1256.530043717834,577.3198678379493
2045-05-13 09:00:00,3074.705991165769,1593.9530875491084,546.1133884953574
2045-05-13 10:00:00,3080.3664895893453,1893.060694168773,787.9636034004428
2045-05-13 11:00:00,3099.554619838758,2155.6295874797843,1404.2915704166314
2045-05-13 12:00:00,3070.3886618596507,2445.73770128664,2044.0243969397657
2045-05-13 13:00:00,3044.0049827667103,2475.2081434161346,2215.660033324019
2045-05-13 14:00:00,3094.6616466251576,2407.885757267106,2239.0648928309624
2045-05-13 15:00:00,3092.7428336002167,2409.6238567373916,2480.9151077360493
2045-05-13 16:00:00,3078.4476765644044,2316.229978534092,2699.3604631341923
2045-05-13 17:00:00,2952.95730473325,2134.8882671343854,2363.890810201331
2045-05-13 18:00:00,2856.920712834943,1765.9863106746227,1950.4049589119888
2045-05-13 19:00:00,3121.3331476718395,1415.9330773592792,2293.676231680497
2045-05-13 20:00:00,3124.59512981424,1208.3267517419374,3526.3321657128777
2045-05-13 21:00:00,3081.325896101816,1012.1532581958018,4915.02049645821
2045-05-13 22:00:00,2963.990479626663,735.4091980938015,6022.850513120217
2045-05-13 23:00:00,2826.6994076921196,489.9895528895993,6959.044893397975
2045-05-14 00:00:00,2879.766740597344,307.2155436478978,3515.08134382754
2045-05-14 01:00:00,2891.8116292505956,290.3691354092966,3253.6290124684665
2045-05-14 02:00:00,3041.1267144521166,282.47045315823084,2781.562303070141
2045-05-14 03:00:00,2905.1025408679775,290.2148642715805,2120.6689099124837
2045-05-14 04:00:00,2958.0585168434827,314.898246306161,1481.5632110347492
2045-05-14 05:00:00,3014.12955022931,356.7365788547749,994.9713721164736
2045-05-14 06:00:00,2999.384945153778,515.5124337922141,613.6867222178249
2045-05-14 07:00:00,3050.887227671132,803.8143359561143,344.97182609877734
2045-05-14 08:00:00,3158.668214068335,1078.6946491387114,257.8210489790861
2045-05-14 09:00:00,3050.67955717711,1345.4603004774403,261.4523313590732
2045-05-14 10:00:00,3224.395925426167,1612.8121821394907,359.49695561872585
2045-05-14 11:00:00,3351.0749267793353,1794.3584570038302,675.4185226776058
2045-05-14 12:00:00,3315.147931313601,1963.5013323957924,1060.334454956242
2045-05-14 13:00:00,3233.118086175073,1983.803414119235,1238.2672915756116
2045-05-14 14:00:00,3213.181718749002,1889.8214370225692,1176.5354911158297
2045-05-14 15:00:00,3321.170375640227,1914.9367782427548,1074.8595844761903
2045-05-14 16:00:00,3226.0572893783396,1838.850253121161,976.8149602165385
2045-05-14 17:00:00,3159.1873903033893,1638.637170593169,958.6585483166026
2045-05-14 18:00:00,3150.776735295515,1372.0874988472435,962.2898306965892
2045-05-14 19:00:00,3299.987985250025,1082.9833867672196,1111.1724082760618
2045-05-14 20:00:00,3341.7297545483643,885.9174354486374,1772.0658014337191
2045-05-14 21:00:00,3330.515547871198,715.9723501405508,2570.947925030888
2045-05-14 22:00:00,3387.624933727135,541.1522968806346,3159.2156705888024
2045-05-14 23:00:00,3302.480031178284,385.3384477873451,3500.556214307592
2045-05-15 00:00:00,3021.671203922161,604.8312705298575,6020.524608601715
2045-05-15 01:00:00,3024.4251321080146,572.7911159058833,5736.902464299273
2045-05-15 02:00:00,3002.1897119407568,540.5162348744074,4898.927947042075
2045-05-15 03:00:00,3056.452296936085,543.2155885606761,3816.007032432773
2045-05-15 04:00:00,3067.4680096794964,569.5636278027355,2765.3159069487497
2045-05-15 05:00:00,2932.219536552044,630.0056777344084,1804.868191015501
2045-05-15 06:00:00,2978.322334330029,861.5632787347778,1024.907294183804
2045-05-15 07:00:00,2903.4562866109113,1275.2685719564222,612.3659933802602
2045-05-15 08:00:00,3098.883190466265,1706.930435351945,470.5549212290422
2045-05-15 09:00:00,3163.651501503922,2207.191091339821,470.5549212290422
2045-05-15 10:00:00,3210.1622886427745,2817.8318404553434,728.3932342312568
2045-05-15 11:00:00,3203.0224748276,3314.1021475156895,1360.0971010866815
2045-05-15 12:00:00,3211.284259385159,3701.870172708405,1972.4630944669416
2045-05-15 13:00:00,3093.273336754343,3799.2816318215864,2011.1388414172732
2045-05-15 14:00:00,3114.5907808596503,3734.02769053613,1791.976275365393
2045-05-15 15:00:00,3062.2661453284413,3730.858884034858,1779.084359715282
2045-05-15 16:00:00,2925.6917067781696,3566.902488394961,1953.1252209917768
2045-05-15 17:00:00,3032.278927304707,3185.9415290197944,1882.219684916168
2045-05-15 18:00:00,3108.980927147727,2805.391340857756,1746.854570590005
2045-05-15 19:00:00,3292.780134218368,2421.7897093981965,2178.733744868714
2045-05-15 20:00:00,3274.3186156391303,2002.6857088040133,3403.4657316292323
2045-05-15 21:00:00,3144.37400420295,1533.5263018101057,4641.089634039861
2045-05-15 22:00:00,3244.841384316481,1059.1442322492856,5401.712657396397
2045-05-15 23:00:00,3081.8496346500633,753.1783600708952,5827.145873850052
2045-05-16 00:00:00,2922.475794706742,348.11805580963386,4679.263148823705
2045-05-16 01:00:00,2905.8650284560545,336.3947478354545,4975.68705870394
2045-05-16 02:00:00,2862.249028730325,319.6037274805062,4901.5810812338805
2045-05-16 03:00:00,2795.296431020501,311.1913249284295,4097.001897273243
2045-05-16 04:00:00,2978.3205794023024,329.63779799442904,3017.171939852389
2045-05-16 05:00:00,3016.9431585986854,364.9428609137873,2106.7270737916683
2045-05-16 06:00:00,3102.748466470332,470.28370893537453,1254.5083328859932
2045-05-16 07:00:00,3097.8569524823993,726.4396774086508,635.194092600503
2045-05-16 08:00:00,3102.544653387501,1001.7853834304398,423.46272840033527
2045-05-16 09:00:00,3211.27893307758,1223.7511857081277,428.7560125053395
2045-05-16 10:00:00,3250.309138439624,1502.9483531393005,534.6216946054235
2045-05-16 11:00:00,3310.8416240402867,1829.5455237052684,868.0985932206871
2045-05-16 12:00:00,3082.6728778115253,2091.140836800569,1159.2292189959182
2045-05-16 13:00:00,3027.643345447287,2191.8869589302612,1238.6284805709809
2045-05-16 14:00:00,2927.571121777504,2111.648179568083,1397.4270037211068
2045-05-16 15:00:00,3056.380990126389,2132.392015580031,1540.3456745562191
2045-05-16 16:00:00,2966.0917944324715,2127.3580879484684,1730.9039023363698
2045-05-16 17:00:00,2949.8886543474464,1898.770474826576,1868.529289066479
2045-05-16 18:00:00,3045.578896736372,1584.031751231607,1736.1971864413742
2045-05-16 19:00:00,3161.752353949765,1341.0856196975355,1566.8120950812404
2045-05-16 20:00:00,3077.169924575102,1225.2377146731535,2127.900210211684
2045-05-16 21:00:00,3031.108167855405,1002.90028015421,2826.6137120722383
2045-05-16 22:00:00,2944.6914207352675,687.4858615751396,3493.567509302768
2045-05-16 23:00:00,2838.199084956324,440.9923313745294,4192.281011163319
2045-05-17 00:00:00,3128.513437580295,629.7096994757918,5522.456539920725
2045-05-17 01:00:00,3151.815622486007,601.2561032548754,5246.333712924688
2045-05-17 02:00:00,3111.1204191817733,585.1956289435136,4567.531763226097
2045-05-17 03:00:00,3112.569837381649,591.898031608885,3543.576279782465
2045-05-17 04:00:00,2933.6224365507032,645.137871648911,2508.115678547329
2045-05-17 05:00:00,3215.7015169882698,730.0560488148905,1668.242079767719
2045-05-17 06:00:00,3215.3670358652216,1088.3184403431394,1006.697806756382
2045-05-17 07:00:00,3230.7531675254527,1642.468034298941,557.9982128878235
2045-05-17 08:00:00,3278.0264995829743,2168.8595643858944,419.9367993898054
2045-05-17 09:00:00,3279.5874114905337,2708.3397487344687,414.1842404940547
2045-05-17 10:00:00,3217.26242889583,3228.661178294292,569.5033306793249
2045-05-17 11:00:00,3333.8848471320725,3658.879553154549,1058.470836818138
2045-05-17 12:00:00,3286.723008782235,4098.708920516088,1622.2216086017113
2045-05-17 13:00:00,3311.363118180141,4025.551563121423,1846.5714055359908
2045-05-17 14:00:00,3231.4221297715503,3906.931681987113,1760.28302209973
2045-05-17 15:00:00,3144.5685314866228,3980.6581113061993,1725.7676687252258
2045-05-17 16:00:00,3149.3627609169844,3741.1420613399096,1650.984403080466
2045-05-17 17:00:00,3132.973185887608,3378.453554843962,1622.221608601713
2045-05-17 18:00:00,3233.874991340572,2730.2174027176616,1547.4383429569534
2045-05-17 19:00:00,3203.437209143159,2250.932381929781,1737.2727865167276
2045-05-17 20:00:00,3195.298168482312,1929.91258634402,2738.2180343773566
2045-05-17 21:00:00,3084.1389419225275,1530.8034766852993,3911.740049110512
2045-05-17 22:00:00,3025.270264265991,1075.2930162953417,4774.623883473124
2045-05-17 23:00:00,3030.621962234768,726.8945381236773,5361.3848908397
2045-05-18 00:00:00,2957.5390518238805,476.6890405519829,9605.863833148747
2045-05-18 01:00:00,2875.415364055613,464.9079309440124,9183.848894872335
2045-05-18 02:00:00,2823.1647108591355,437.0744727865364,8199.147372227382
2045-05-18 03:00:00,2716.816707783562,420.6935673953742,6611.567366330412
2045-05-18 04:00:00,2825.0114075417555,460.0734517024944,4601.972422157037
2045-05-18 05:00:00,2810.2378340807977,516.3974817007594,2923.9606437722655
2045-05-18 06:00:00,2831.963677405736,664.7174273628572,1778.49152559344
2045-05-18 07:00:00,3041.9439531412663,1040.6803276012772,1014.8454468075572
2045-05-18 08:00:00,3158.9376194460606,1480.0077615877444,723.4541799024171
2045-05-18 09:00:00,3151.442203498957,1795.469266269694,763.6460787858846
2045-05-18 10:00:00,3184.0309684863646,2179.270594016204,1165.5650676205605
2045-05-18 11:00:00,3060.193661534215,2691.068279933772,2049.7868430568446
2045-05-18 12:00:00,3294.3982525770525,3025.351397973475,2682.80925047146
2045-05-18 13:00:00,3276.691690267228,3066.5618132555396,2592.3774779836585
2045-05-18 14:00:00,3237.9110599322125,2938.3777083178215,2763.1930482383964
2045-05-18 15:00:00,3196.306069964955,2933.402419001308,3325.879632606941
2045-05-18 16:00:00,3104.8402695669643,2937.3920377928525,3245.4958348400055
2045-05-18 17:00:00,3061.9317290002105,2625.450784985796,2923.9606437722664
2045-05-18 18:00:00,3145.467596584599,2093.7050051105066,2863.6727954470653
2045-05-18 19:00:00,3342.5209955417913,1810.1604507609077,3315.8316578860754
2045-05-18 20:00:00,3316.993129634988,1664.8444533653835,4943.603562666511
2045-05-18 21:00:00,3159.589394745809,1283.0614033604772,6450.799770796545
2045-05-18 22:00:00,3044.659683556885,813.1781830999512,7576.172939533639
2045-05-18 23:00:00,2868.028577325133,525.1746430421559,8922.601552129803
2045-05-19 00:00:00,2969.2586771276233,1027.6362850785729,10076.803914126562
2045-05-19 01:00:00,2886.316678243623,975.9501311959943,10764.867617514055
2045-05-19 02:00:00,2667.120548207288,944.5876745486808,10476.324774158003
2045-05-19 03:00:00,2726.055866840639,954.6979401784072,8789.458920691888
2045-05-19 04:00:00,2721.405924269567,1006.693591988426,6481.116173843518
2045-05-19 05:00:00,2738.9243125605813,1150.5069622724864,4383.631658678406
2045-05-19 06:00:00,2952.929809029209,1523.7614627658377,2585.787788536882
2045-05-19 07:00:00,3128.654382935989,2331.138389482525,1331.736200104832
2045-05-19 08:00:00,3143.793730841804,3376.62238837684,887.8241334032214
2045-05-19 09:00:00,3155.6889327678023,4405.806163092618,865.6285300681408
2045-05-19 10:00:00,3038.034571899754,5284.058115193197,1043.1933567487852
2045-05-19 11:00:00,3152.22851038933,5910.791418260393,1731.2570601362818
2045-05-19 12:00:00,3071.665551890529,6490.274704404988,2374.929556853617
2045-05-19 13:00:00,3036.3043607105187,6750.768793334153,2552.4943835342615
2045-05-19 14:00:00,3155.797070967129,6464.380044475796,2796.646020220148
2045-05-19 15:00:00,3194.618684525612,6270.118512018917,3407.0251119348613
2045-05-19 16:00:00,3042.3600998728443,6181.498938795094,3884.230583639093
2045-05-19 17:00:00,3158.824940548292,5743.55937146666,3917.523988641714
2045-05-19 18:00:00,3020.2999072100856,4974.250689825166,3495.8075252751833
2045-05-19 19:00:00,3325.6821821102385,3793.928760542567,3085.1888635761948
2045-05-19 20:00:00,3398.8917430547863,2953.641887541367,4239.360237000383
2045-05-19 21:00:00,3212.028934617299,2465.4604899917417,5748.661263785857
2045-05-19 22:00:00,3181.209547809033,1914.5541791474916,7080.397463890688
2045-05-19 23:00:00,3140.117032064678,1384.0747315143192,8700.676507351569
2045-05-20 00:00:00,2953.9709020564565,515.3164681680009,9008.57988880852
2045-05-20 01:00:00,3051.517148795325,495.4166391378823,9434.182088279784
2045-05-20 02:00:00,2943.719563016727,468.3390110794869,8724.845089161005
2045-05-20 03:00:00,2917.615637833086,463.1907966040335,6986.96944131999
2045-05-20 04:00:00,2863.9282127590395,460.9137017398904,4912.158718897553
2045-05-20 05:00:00,2840.572069173676,507.8911588284046,3121.082796122633
2045-05-20 06:00:00,2942.1343044023356,647.9819950354592,1773.3424977969505
2045-05-20 07:00:00,3104.2534187007373,901.432553827022,975.3383737883232
2045-05-20 08:00:00,3252.210889377244,1256.411842322001,682.7368616518263
2045-05-20 09:00:00,3098.335119873677,1688.267833512937,629.5365867179177
2045-05-20 10:00:00,3077.198338348461,2152.8941899226247,718.2037116077659
2045-05-20 11:00:00,3099.4976428575633,2570.196574807952,1090.6056361451256
2045-05-20 12:00:00,3043.2738040004906,2996.4093309007926,1569.408110550302
2045-05-20 13:00:00,3210.6771136801954,3197.9322263774443,2057.077297444464
2045-05-20 14:00:00,3280.6398605286577,3214.6144213604043,2730.9474466073057
2045-05-20 15:00:00,3285.712688094709,3133.7775536833296,3307.2837583913147
2045-05-20 16:00:00,3243.9675445824096,3062.7915963967876,3378.2174583031933
2045-05-20 17:00:00,3254.747303160269,2838.8442667145546,2908.281696387001
2045-05-20 18:00:00,3141.4541541851154,2558.068569553276,2269.8783971800995
2045-05-20 19:00:00,3208.246383804796,2160.9630260716544,2003.8770225105557
2045-05-20 20:00:00,3199.580303379457,1803.8056468370592,2784.1477215412133
2045-05-20 21:00:00,3263.730435308485,1520.1093280022064,4078.687744932985
2045-05-20 22:00:00,3264.6815904771197,1086.372258445241,5710.162842906183
2045-05-20 23:00:00,2987.472700773922,737.4817236087302,7589.905890570955
2045-05-21 00:00:00,3236.1640846665987,131.4910711273697,4733.157626041193
2045-05-21 01:00:00,3084.886020213805,125.03236018214308,4784.493392050316
2045-05-21 02:00:00,3067.1984614796743,118.5607059284089,4466.211642793747
2045-05-21 03:00:00,3140.14590868131,118.52187600288649,3665.3736930514224
2045-05-21 04:00:00,3103.4524638539806,125.614809064979,2633.524796268038
2045-05-21 05:00:00,3078.074662191966,141.0044028803587,1740.2824677092883
2045-05-21 06:00:00,3274.8350205325264,189.36060346426004,1031.848896783383
2045-05-21 07:00:00,3368.875705479215,284.05384850489764,549.292696297622
2045-05-21 08:00:00,3581.565852741819,396.28527657315465,395.2853982702515
2045-05-21 09:00:00,3512.683248230635,513.6810847358918,395.2853982702516
2045-05-21 10:00:00,3541.576589516825,639.5806465880353,564.6934261003591
2045-05-21 11:00:00,3447.3161833436247,745.8581527428569,970.2459775724344
2045-05-21 12:00:00,3376.456087793843,826.0548922551296,1267.9934204253505
2045-05-21 13:00:00,3411.1720415825735,843.9296013039433,1242.3255374207895
2045-05-21 14:00:00,3463.685414718692,821.0199452457247,1329.5963396362993
2045-05-21 15:00:00,3509.277569219715,808.7367454721372,1622.2102058883038
2045-05-21 16:00:00,3295.5986764378113,782.3712260424247,1699.2138549019894
2045-05-21 17:00:00,3219.2455502252537,710.3546575068716,1683.8131250992512
2045-05-21 18:00:00,3227.814678059181,613.7716894241436,1545.2065568746193
2045-05-21 19:00:00,3386.7829854398574,512.8397696829061,1611.9430526864796
2045-05-21 20:00:00,3493.2379196844154,418.5218805889852,2340.9109300160344
2045-05-21 21:00:00,3628.366473988652,321.70593295312284,3039.0773477401135
2045-05-21 22:00:00,3453.138795846166,224.5405159875589,3603.770773840474
2045-05-21 23:00:00,3373.050408782923,160.80766489678527,4291.670038362728
2045-05-22 00:00:00,2890.6990848347273,471.9893682276736,10552.115049950267
2045-05-22 01:00:00,2909.373912090155,445.3033512912285,9286.719139488756
2045-05-22 02:00:00,2804.8154012479504,422.8638529627608,7485.138521204563
2045-05-22 03:00:00,2820.822396038317,407.26348460292934,5533.426184730022
2045-05-22 04:00:00,2889.3651686021967,409.3196936131076,3710.3981781329194
2045-05-22 05:00:00,3028.605501490196,445.5715524664689,2348.4890202633223
2045-05-22 06:00:00,2975.659287952828,561.5238605621776,1436.9750169647716
2045-05-22 07:00:00,3165.998873440845,761.6913376834505,911.514003298549
2045-05-22 08:00:00,3236.5938248240027,1058.768839458346,718.487508482386
2045-05-22 09:00:00,3326.6844749902984,1485.298108482728,772.1059792646536
2045-05-22 10:00:00,3453.9195617855225,1951.2976504633607,1265.3959104615155
2045-05-22 11:00:00,3340.2288551975316,2378.229221250605,2369.9364085762286
2045-05-22 12:00:00,3320.733156414393,2770.11583847307,3442.30582422158
2045-05-22 13:00:00,3385.171571339716,2928.3545318650545,3646.0560131941975
2045-05-22 14:00:00,3383.529828284293,2927.9075299063184,3485.2006008473945
2045-05-22 15:00:00,3500.401412042165,2882.3580303112813,3270.726717718325
2045-05-22 16:00:00,3408.4638009385194,2730.869066496188,2884.673728085997
2045-05-22 17:00:00,3324.119251466201,2568.070953125113,2573.6865975488445
2045-05-22 18:00:00,3221.818137325202,2338.1331455521263,2691.6472332698336
2045-05-22 19:00:00,3324.529687230057,2023.1308652319824,3731.845566445828
2045-05-22 20:00:00,3398.613342605985,1702.2281590565424,6005.268727613973
2045-05-22 21:00:00,3392.046370384297,1326.9253145031244,8278.691888782116
2045-05-22 22:00:00,3453.5091260216673,913.9849050242672,9844.351235624335
2045-05-22 23:00:00,3182.621521876996,605.4641531057713,10723.694156453525
2045-05-23 00:00:00,2779.333108756381,537.3989398981518,5599.967436221743
2045-05-23 01:00:00,2704.368629730835,516.1865198864226,5496.477278262818
2045-05-23 02:00:00,2567.556178337918,489.8429159815818,4841.039611189637
2045-05-23 03:00:00,2690.159080851145,489.7371183755381,3783.140218720642
2045-05-23 04:00:00,2685.0582171507426,516.0807222803793,2673.4957472721867
2045-05-23 05:00:00,2787.622012269535,578.5013098460668,1730.5854192019958
2045-05-23 06:00:00,2850.56302685842,786.8167961457934,994.655407049652
2045-05-23 07:00:00,2777.420284868731,1171.8142845382283,569.1958687740786
2045-05-23 08:00:00,2885.631464798681,1612.1439208914344,425.45953827557383
2045-05-23 09:00:00,2884.082988318203,2056.811259092425,413.9606318356935
2045-05-23 10:00:00,2928.897719400304,2537.6084797572844,574.9453219940185
2045-05-23 11:00:00,3012.5154493461737,2973.9707058838576,1006.1543134895325
2045-05-23 12:00:00,3006.139369720672,3344.5268210513495,1466.110571084747
2045-05-23 13:00:00,2866.594312773968,3415.569913509586,1650.0930741228333
2045-05-23 14:00:00,2975.352013814676,3349.234814520288,1736.334872421936
2045-05-23 15:00:00,2910.407088486347,3315.9614674195946,1834.0755771609192
2045-05-23 16:00:00,3030.0952117422007,3221.64290163178,1862.82284326062
2045-05-23 17:00:00,3001.6761139828204,2916.892897423368,1719.0865127621155
2045-05-23 18:00:00,2841.9097759380957,2483.8103970841457,1506.3567436243286
2045-05-23 19:00:00,2937.8242308760064,2090.084606193118,1678.8403402225345
2045-05-23 20:00:00,2992.567428803532,1756.451855534821,2552.7572296534418
2045-05-23 21:00:00,2922.430552923009,1402.876256137317,3576.1599028027954
2045-05-23 22:00:00,3055.59953024421,973.972761236812,4461.575698673584
2045-05-23 23:00:00,3023.628045264906,676.3640954363389,5197.505710825928
2045-05-24 00:00:00,3020.0467672463983,409.2803412698726,6644.760196993697
2045-05-24 01:00:00,2899.0764568838863,390.8011969032776,6781.296365425078
2045-05-24 02:00:00,2809.688585144497,370.40054858705895,6447.541287037265
2045-05-24 03:00:00,2847.013285335462,384.464322175795,5340.081254204986
2045-05-24 04:00:00,2831.0306573049725,407.0317728181853,3898.866142984888
2045-05-24 05:00:00,2793.036026597759,460.42505278007263,2662.45528441186
2045-05-24 06:00:00,2905.5843533274387,666.3121568291255,1562.5805942702082
2045-05-24 07:00:00,2968.0793000574395,991.005441252792,826.8023532788965
2045-05-24 08:00:00,3007.7966092350043,1331.1934064617235,591.656729869302
2045-05-24 09:00:00,2935.9226352775313,1708.4214265293604,614.4127579411983
2045-05-24 10:00:00,3097.471594052785,2108.0942480511144,925.4118082571129
2045-05-24 11:00:00,3102.3525163854492,2378.4539420694596,1570.1659369608406
2045-05-24 12:00:00,3113.932743880596,2616.0663028186864,1964.6037568737088
2045-05-24 13:00:00,3142.8354604387273,2614.3083311200935,1782.5555322985392
2045-05-24 14:00:00,2934.3913655261067,2581.8471792902797,1881.1649872767548
2045-05-24 15:00:00,3030.957064225296,2547.096575946018,2169.4080095207732
2045-05-24 16:00:00,2944.1532101914363,2430.048367269998,2427.3096610022644
2045-05-24 17:00:00,2844.429267629934,2173.6706807148707,2586.6018575055373
2045-05-24 18:00:00,2947.981384569997,1872.7304557535756,2442.4803463835287
2045-05-24 19:00:00,3059.6683720645,1564.472162558605,2624.5285709586988
2045-05-24 20:00:00,3079.5748788330147,1222.6897579021145,3731.988603790984
2045-05-24 21:00:00,3103.022446901698,961.5696360670656,4657.400412048099
2045-05-24 22:00:00,3100.9169509934886,687.3669341494723,5370.422624967512
2045-05-24 23:00:00,3190.7833445301976,520.6049211597802,6159.29826479325
2045-05-25 00:00:00,3140.9920746853386,619.6943966212258,9026.886843101302
2045-05-25 01:00:00,3059.696723359953,594.6887497739451,8612.478864276289
2045-05-25 02:00:00,2993.4560667244546,572.9635466962334,7495.379095269745
2045-05-25 03:00:00,2946.3494414044885,576.1202001348752,5819.729441759923
2045-05-25 04:00:00,3035.123576543559,606.9439925357311,3990.929013466941
2045-05-25 05:00:00,3135.164450934415,688.769401278566,2531.492218474517
2045-05-25 06:00:00,3183.2423468795355,960.489177663622,1513.4900096217746
2045-05-25 07:00:00,3272.210736143637,1413.3142081950732,882.8691722793685
2045-05-25 08:00:00,3179.4543914414357,1963.747914662568,639.6297064472974
2045-05-25 09:00:00,3241.13007613871,2546.924163660289,648.638575552189
2045-05-25 10:00:00,3270.6567031433897,3067.9576665325903,900.8869104891512
2045-05-25 11:00:00,3299.309186585431,3496.2722115404704,1567.5432242511238
2045-05-25 12:00:00,3313.101229462617,3936.7182089792063,2270.235014432663
2045-05-25 13:00:00,3294.452833459662,3984.006115393372,2603.5631713136486
2045-05-25 14:00:00,3208.3982560710224,3910.9079249809,2873.829244460395
2045-05-25 15:00:00,3153.424338687309,3842.637557474585,3072.024364768008
2045-05-25 16:00:00,3041.145454419513,3696.564966980569,2873.829244460393
2045-05-25 17:00:00,3151.2875433119707,3427.259102048593,2486.4478729500593
2045-05-25 18:00:00,3070.8663355492245,2896.755638860365,2306.270490852228
2045-05-25 19:00:00,3218.402343510108,2343.0414886233016,2612.572040418539
2045-05-25 20:00:00,3363.218793720561,1915.9029517592307,3981.920144362049
2045-05-25 21:00:00,3072.5174956119863,1574.0559529039535,5621.534321452306
2045-05-25 22:00:00,3284.254491895545,1136.5809234074682,7098.9888546545135
2045-05-25 23:00:00,3075.6255616124786,791.3296904516953,8432.301482178456
2045-05-26 00:00:00,2795.257482622211,430.7102900923089,7465.967151784764
2045-05-26 01:00:00,2769.981218151691,410.23950361665857,6974.975114723486
2045-05-26 02:00:00,2808.639034400721,389.6451510254609,5805.258791136316
2045-05-26 03:00:00,2613.950575191803,385.4439030968568,4332.2826799524755
2045-05-26 04:00:00,2776.01603562043,389.6451510254612,2895.408924434906
2045-05-26 05:00:00,2875.0220265568623,426.385476048158,1761.7949565140073
2045-05-26 06:00:00,2873.2728041021546,556.788916655622,1018.086429788832
2045-05-26 07:00:00,2937.5567293126464,795.4362744824208,628.1809885931089
2045-05-26 08:00:00,3012.773294865059,1072.3067507184835,505.43297932778887
2045-05-26 09:00:00,3065.424890751748,1412.6078329354343,490.9920370612805
2045-05-26 10:00:00,3109.5927577331063,1811.4380652165703,729.2675844586666
2045-05-26 11:00:00,3115.277730710905,2161.418493151385,1292.4643328524885
2045-05-26 12:00:00,3094.81182799083,2502.5845381771665,1906.2043791790888
2045-05-26 13:00:00,3134.3442554672138,2661.119864424208,2216.684637909016
2045-05-26 14:00:00,3120.1755535840853,2644.973891992708,2418.857829640132
2045-05-26 15:00:00,3135.218866694568,2632.8232239639015,2548.8263100387057
2045-05-26 16:00:00,3082.567270807879,2546.8623962482416,2281.668878108303
2045-05-26 17:00:00,2998.2547484909887,2322.919406171557,1898.9839080458348
2045-05-26 18:00:00,2972.8035617749983,2085.3841433846824,1646.2674183819406
2045-05-26 19:00:00,3127.1724434029143,1776.0981561700746,2079.495686377189
2045-05-26 20:00:00,3019.595262438417,1509.5660449347936,3321.4167212968987
2045-05-26 21:00:00,3083.7917265261735,1243.0751224046949,4722.188121148197
2045-05-26 22:00:00,3139.5044617086,885.9690484733259,6007.4319828674315
2045-05-26 23:00:00,2839.7751940945104,594.6001480130602,7076.061710589041
2045-05-27 00:00:00,2634.103952092739,566.0214881471413,5486.475723496177
2045-05-27 01:00:00,2626.170381970177,532.5491950863887,5403.166981490816
2045-05-27 02:00:00,2626.408389073854,501.8616185864307,4843.808285169075
2045-05-27 03:00:00,2581.425046478933,501.5274525991352,3808.399634530971
2045-05-27 04:00:00,2454.011910310601,523.7494907542774,2755.139110605998
2045-05-27 05:00:00,2567.937977270579,590.9168542006468,1886.3479439786213
2045-05-27 06:00:00,2573.967490563725,772.703151289328,1088.9642704986993
2045-05-27 07:00:00,2624.901010750568,1114.3321789676284,606.9636917533732
2045-05-27 08:00:00,2776.5115357927093,1620.2037894016028,446.2968321715979
2045-05-27 09:00:00,2809.9912017099177,2235.848926662107,452.2474566005525
2045-05-27 10:00:00,2773.6554505485883,2842.3044992719874,642.6674383271011
2045-05-27 11:00:00,2853.1498231766504,3291.7020578530437,1124.668017072428
2045-05-27 12:00:00,2798.56686073343,3605.20544826732,1618.5698446756628
2045-05-27 13:00:00,2865.129514061718,3678.1650221601417,1761.3848309705734
2045-05-27 14:00:00,2838.076039943785,3615.3418165486114,1767.3354553995296
2045-05-27 15:00:00,2804.279031221675,3458.5622741758684,1654.2735912493908
2045-05-27 16:00:00,2793.172033050089,3299.6106528857026,1779.236704257438
2045-05-27 17:00:00,2653.382527490562,3083.2938704431667,1832.79232411803
2045-05-27 18:00:00,2682.1020513342332,2771.7954759526665,1701.8785866810272
2045-05-27 19:00:00,2789.760597897387,2306.859198962373,1904.1998172654853
2045-05-27 20:00:00,2795.7107754893077,1743.2882613887314,2844.3984770403185
2045-05-27 21:00:00,2751.044775699289,1269.9978347160545,3903.6096253942424
2045-05-27 22:00:00,2720.9765449347824,889.4384695178437,4760.499543163713
2045-05-27 23:00:00,2677.421244961922,682.7568063756571,5284.154492911723
2045-05-28 00:00:00,2884.8746478437047,81.56620870023168,3738.745901516129
2045-05-28 01:00:00,2842.035878390209,79.08117287428317,3826.810580138564
2045-05-28 02:00:00,2852.9519673944183,74.24146375751782,3586.6341838955573
2045-05-28 03:00:00,2677.1937612426,75.40657891525763,2938.1579140394406
2045-05-28 04:00:00,2699.484598452877,79.8959387188564,2109.5493470010706
2045-05-28 05:00:00,2758.651635492504,90.73232445168118,1397.0260381468197
2045-05-28 06:00:00,2776.080685163091,123.16000506569792,816.599747226221
2045-05-28 07:00:00,2956.792410694971,185.94586104851527,448.32927298694494
2045-05-28 08:00:00,2990.641459792059,261.5887220586993,304.2234352411412
2045-05-28 09:00:00,3095.7661488578124,331.3082353788349,312.22931511590804
2045-05-28 10:00:00,3092.0051434025813,404.9793630451514,424.31163336264433
2045-05-28 11:00:00,3011.281123875649,469.9650868083167,696.511549104718
2045-05-28 12:00:00,3018.894866626485,519.4539642076982,912.6703057234234
2045-05-28 13:00:00,2976.881683736332,526.0046815980672,944.6938252224912
2045-05-28 14:00:00,2989.999336909458,515.9830617098158,1100.8084827804448
2045-05-28 15:00:00,3046.322686897567,501.6513305037721,1272.9349000879336
2045-05-28 16:00:00,3072.55799324382,495.6302109123755,1381.0142783972865
2045-05-28 17:00:00,2853.4106265962755,445.8806084427308,1308.9613595243843
2045-05-28 18:00:00,2934.501573484693,376.5847733617729,1192.8761013402643
2045-05-28 19:00:00,2980.550957351193,313.9048369387498,1208.8878610897975
2045-05-28 20:00:00,3081.1807862387427,254.47581623557423,1689.2406535758105
2045-05-28 21:00:00,2952.939673399367,203.65887050953847,2233.6404850599574
2045-05-28 22:00:00,2925.2366576071704,141.14188725543033,2754.0226769198043
2045-05-28 23:00:00,2937.253528695839,103.77672562329948,3330.44602790302
2045-05-29 00:00:00,2975.1304908620555,543.1086596003468,9142.40830736251
2045-05-29 01:00:00,2913.4335658828168,517.1717898183373,9424.955142468632
2045-05-29 02:00:00,2942.0508502678413,493.63551562983383,8799.315721876495
2045-05-29 03:00:00,3023.828378188436,485.755299659847,7225.126211999508
2045-05-29 04:00:00,2986.0923658976753,493.68770249056223,5257.389324653272
2045-05-29 05:00:00,2862.795523682876,543.2652201825322,3471.28968844669
2045-05-29 06:00:00,2964.2656235701147,694.9202374592314,1967.7368873462344
2045-05-29 07:00:00,3016.843820643616,1009.3982602085052,1079.732548441268
2045-05-29 08:00:00,3222.209214010044,1395.11134785203,787.0947549384945
2045-05-29 09:00:00,3342.401808427145,1832.906922502488,787.0947549384945
2045-05-29 10:00:00,3234.1411664824436,2316.8878688975706,1180.6421324077412
2045-05-29 11:00:00,3175.160458326191,2752.7525297010766,1987.9188041395284
2045-05-29 12:00:00,3209.7922228192538,3172.021768792957,2502.557682368544
2045-05-29 13:00:00,3083.391132806757,3391.2587707129196,2310.8294728322453
2045-05-29 14:00:00,3238.6035226916333,3334.896961126259,2512.6486407651932
2045-05-29 15:00:00,3122.7762767400445,3307.4988592438553,3057.560394184149
2045-05-29 16:00:00,3130.730911721645,3230.1579316443817,3491.471605239985
2045-05-29 17:00:00,2974.742459887343,2965.5183608907205,3461.198730050046
2045-05-29 18:00:00,2840.386734893247,2644.6213542718538,3047.4694357875023
2045-05-29 19:00:00,2888.4055680138813,2202.598643902397,3309.834354100333
2045-05-29 20:00:00,2826.126596572574,1873.5083001491744,4722.568529630963
2045-05-29 21:00:00,2794.01703341514,1556.055626338382,5953.66545402194
2045-05-29 22:00:00,2933.417161080495,1125.0965304433437,6982.943210479973
2045-05-29 23:00:00,2864.1536320943687,750.8645521600644,8193.858218077656
2045-05-30 00:00:00,2561.171293725802,657.0530318951962,6954.271849179157
2045-05-30 01:00:00,2653.064084774602,625.0253361011911,6712.507797162703
2045-05-30 02:00:00,2519.965026851008,608.5262200860975,6086.765544884822
2045-05-30 03:00:00,2569.90063955577,605.6146113775516,4764.173966206577
2045-05-30 04:00:00,2583.886365670449,647.4770743648675,3263.814702222116
2045-05-30 05:00:00,2640.9556373330342,723.243603202807,2197.208590384825
2045-05-30 06:00:00,2812.632771989067,1001.9816102342704,1365.2558231517355
2045-05-30 07:00:00,2792.358162319464,1545.352497664684,725.2921560493603
2045-05-30 08:00:00,2928.8363218546583,2075.459389867277,519.0816410941502
2045-05-30 09:00:00,2922.171982565113,2574.0562056018302,533.3030559186475
2045-05-30 10:00:00,3100.325728643379,3097.692856229878,696.8493264003656
2045-05-30 11:00:00,3026.9241325247267,3570.0851935875157,1166.1560156087749
2045-05-30 12:00:00,2901.1464614262663,4034.325026561228,1678.1269492906754
2045-05-30 13:00:00,2963.002793705285,4168.970753727543,2026.5516124908584
2045-05-30 14:00:00,2972.6707788718077,3986.2511316623495,2360.7548608665443
2045-05-30 15:00:00,3044.758279919284,4073.275880839997,2396.308397927787
2045-05-30 16:00:00,3075.3579222909984,3948.9178377772128,2090.547979201097
2045-05-30 17:00:00,2893.637346733821,3554.297804145625,2033.662319903108
2045-05-30 18:00:00,2788.979060707864,2970.423204458549,1969.6659531928703
2045-05-30 19:00:00,3100.701184378001,2397.4186106167117,2019.4409050786107
2045-05-30 20:00:00,2993.0392524750664,2115.121970719248,3000.7185279689193
2045-05-30 21:00:00,3082.4915812488216,1754.729515017009,4237.98161770018
2045-05-30 22:00:00,2974.73578541223,1283.6312259742783,5503.687537080437
2045-05-30 23:00:00,2909.406487587956,838.0256887352615,6627.179308215719
2045-05-31 00:00:00,2959.4527773191494,347.1406308788982,6190.428142945508
2045-05-31 01:00:00,2843.087689805612,335.0928902089761,5948.193998221553
2045-05-31 02:00:00,2788.5511836540772,323.01062879214896,5261.86392150368
2045-05-31 03:00:00,2731.6524559554887,328.188740827932,4131.43791279189
2045-05-31 04:00:00,2686.8729518461314,348.97023046487476,2960.6395466261106
2045-05-31 05:00:00,2855.309618679496,392.5008923123582,2005.1604202149576
2045-05-31 06:00:00,2975.372096440595,549.6393322249223,1177.5270924081133
2045-05-31 07:00:00,2982.6641716510644,853.2838220032427,659.4151717485435
2045-05-31 08:00:00,3143.192531566033,1145.1222163399775,497.9257419325734
2045-05-31 09:00:00,3092.8669420853325,1391.289662521105,511.3831944172377
2045-05-31 10:00:00,3223.3026535965364,1658.1005153515555,773.803517868189
2045-05-31 11:00:00,3292.8341313076257,1894.222424183264,1386.1176059204072
2045-05-31 12:00:00,3137.543740910037,2132.7262645514325,1944.6018840339705
2045-05-31 13:00:00,3147.300742952213,2201.042822676863,2005.160420214958
2045-05-31 14:00:00,3256.271049970628,2121.610584047951,1944.6018840339705
2045-05-31 15:00:00,3190.128846653136,2148.9510155968846,1890.772074095314
2045-05-31 16:00:00,3190.9504889303716,2123.336621393213,1951.3306102763024
2045-05-31 17:00:00,3092.6615315160248,1881.7604345504797,2011.889146457292
2045-05-31 18:00:00,3049.2171961071745,1559.7509074185816,1931.1444315493063
2045-05-31 19:00:00,3111.662009177105,1255.657647930493,2274.309469908241
2045-05-31 20:00:00,3114.229641293467,1094.860008845976,3458.5652885586846
2045-05-31 21:00:00,3015.529862740502,946.76600462258,4642.821107209128
2045-05-31 22:00:00,3088.0397937065723,697.3536082323614,5504.098066227633
2045-05-31 23:00:00,3081.466655488685,470.4487388243464,6055.853618098865
2045-06-01 00:00:00,2735.982199582816,517.7820910170949,8435.328068628976
2045-06-01 01:00:00,2570.6437833647624,497.68784287491854,8696.022534326119
2045-06-01 02:00:00,2573.898853516131,467.4449845599254,8156.012569667755
2045-06-01 03:00:00,2543.1671617929146,477.28913642755737,6647.708875277143
2045-06-01 04:00:00,2647.616618708894,510.3228625400751,4906.642265085512
2045-06-01 05:00:00,2680.2630575799744,566.7998781517986,3370.4070207987756
2045-06-01 06:00:00,2682.0820673704447,793.1138850056053,1964.5190093606109
2045-06-01 07:00:00,2780.500070770653,1232.95464989547,1042.777862788571
2045-06-01 08:00:00,2738.1841588028587,1618.703322564224,726.220297299183
2045-06-01 09:00:00,2788.063322004715,1955.1297497930884,716.9097806671421
2045-06-01 10:00:00,2701.899700350837,2437.696163510512,921.74114657204
2045-06-01 11:00:00,2753.597873343164,2864.0392768705315,1592.098344078979
2045-06-01 12:00:00,2827.028426463747,3176.717956295007,2299.697608114082
2045-06-01 13:00:00,2920.659561994295,3245.4240471649737,2523.150007283061
2045-06-01 14:00:00,2882.7475684665887,3152.9194654397497,2541.771040547141
2045-06-01 15:00:00,2881.885932250049,3204.728120371977,2616.2551736034684
2045-06-01 16:00:00,2817.4546907244267,3143.1767996738463,2979.36532225306
2045-06-01 17:00:00,2859.100441190468,2697.602070036341,3100.4020384695905
2045-06-01 18:00:00,2886.002638617957,2277.8555532886508,2821.086539508366
2045-06-01 19:00:00,3026.5450792711717,1972.6361023411969,2774.533956348161
2045-06-01 20:00:00,3008.737930796037,1702.6323286934148,4003.522151777549
2045-06-01 21:00:00,3002.51500256548,1352.8604790872964,5530.446879432243
2045-06-01 22:00:00,2933.67984259977,930.52606674554,6759.435074861634
2045-06-01 23:00:00,2808.359641772073,657.1732517407289,7746.349837857961
2045-06-02 00:00:00,2950.7604535477612,578.5501914507929,6940.709150008777
2045-06-02 01:00:00,2919.586144102049,551.1567164767969,6787.400313362001
2045-06-02 02:00:00,2894.3206906950672,521.0786809553493,5979.044629224432
2045-06-02 03:00:00,2683.333779381111,501.8484615236041,4696.8252681786325
2045-06-02 04:00:00,2722.6582350871404,496.3149795788568,3247.3599035181637
2045-06-02 05:00:00,2912.047258811256,541.0759176863661,2027.8577938278663
2045-06-02 06:00:00,3138.1119407067986,661.6072075719479,1170.722025302686
2045-06-02 07:00:00,3035.2163441702965,884.2613721605861,682.9211814265667
2045-06-02 08:00:00,3140.2513541001313,1257.5248621562546,508.70659432795264
2045-06-02 09:00:00,3060.379920749025,1768.961039920758,501.738010844008
2045-06-02 10:00:00,3172.036924515368,2317.323621950207,724.7326823302341
2045-06-02 11:00:00,3160.015458781401,2842.785258901395,1233.4392766581868
2045-06-02 12:00:00,3150.133406440765,3345.565098574115,1686.3972031145834
2045-06-02 13:00:00,3189.457862146796,3582.4638701492313,1825.7688727934749
2045-06-02 14:00:00,3054.6748183668037,3606.734488976193,2090.5750451833683
2045-06-02 15:00:00,3074.64267670458,3510.802539617259,2432.035635896652
2045-06-02 16:00:00,2934.969545168398,3382.381928939165,2383.2555515090407
2045-06-02 17:00:00,2889.9399870801467,3194.6270514673984,2062.70071124759
2045-06-02 18:00:00,3004.0420347245836,2916.528493531392,1790.9259553737518
2045-06-02 19:00:00,3218.2890045426666,2507.9274208192696,2034.826377311811
2045-06-02 20:00:00,3284.9164502207573,2112.0369204950803,3052.2395659677163
2045-06-02 21:00:00,3191.902906024891,1705.4081779810858,4153.275756430958
2045-06-02 22:00:00,3098.5837313442607,1185.206088224904,5198.563279022642
2045-06-02 23:00:00,3070.058219433152,784.6039102051892,6299.59946948588
2045-06-03 00:00:00,2816.8935060939043,738.9126924444433,8033.692596308999
2045-06-03 01:00:00,2770.7498128899215,716.4314648301583,8277.137826500179
2045-06-03 02:00:00,2747.629597636772,679.630511375751,7668.524751022224
2045-06-03 03:00:00,2688.716580527283,705.2279487583529,6120.908644806856
2045-06-03 04:00:00,2686.2014106671077,753.6033956379371,4451.569923495895
2045-06-03 05:00:00,2775.3932034010136,853.5446946360962,3043.0653773897725
2045-06-03 06:00:00,2998.662897142719,1240.3998787314204,1730.200028858757
2045-06-03 07:00:00,3105.170666990908,1893.4684116058063,930.3085582305876
2045-06-03 08:00:00,3103.1391836423045,2521.31048445096,678.1688555325777
2045-06-03 09:00:00,2976.9937414242872,3091.576872052927,660.7799105189218
2045-06-03 10:00:00,2964.127680216467,3729.4353334391008,878.1417231896199
2045-06-03 11:00:00,3023.13743462827,4235.522638907877,1460.6713811470909
2045-06-03 12:00:00,3059.6073976008106,4696.795880089431,2069.284456625046
2045-06-03 13:00:00,3078.3744342498107,4699.466917033704,2330.1186318298824
2045-06-03 14:00:00,3019.751629047265,4610.283961283303,2538.7859719937524
2045-06-03 15:00:00,3214.3870813038993,4608.132292633752,2547.48044450058
2045-06-03 16:00:00,3094.336089131692,4494.093854207494,2808.3146197054184
2045-06-03 17:00:00,3019.364679838008,3944.750589335654,2895.2593447736963
2045-06-03 18:00:00,2937.6216593823133,3265.7136417252964,2512.7025544732683
2045-06-03 19:00:00,3179.368177866076,2721.4898643299757,2556.174917007409
2045-06-03 20:00:00,3085.5329946210777,2256.5068496147105,3686.456342895039
2045-06-03 21:00:00,3040.066462533296,1868.612928929948,5060.18299897385
2045-06-03 22:00:00,2819.118464047136,1326.3924292428292,6381.742820011693
2045-06-03 23:00:00,2720.7366275933605,960.757149760328,7407.69057581739
2045-06-04 00:00:00,2483.705376837222,378.9470141309921,4906.097125338636
2045-06-04 01:00:00,2490.638453480917,367.0916454019373,4440.265681114563
2045-06-04 02:00:00,2496.9244429712,359.29104447923686,3657.2724025251664
2045-06-04 03:00:00,2395.60908295134,369.0224872144871,2705.786899429185
2045-06-04 04:00:00,2446.451645005101,388.4467558487364,1808.8135866147504
2045-06-04 05:00:00,2652.3178008118794,446.4878607339786,1154.6673032362642
2045-06-04 06:00:00,2762.5999399575844,642.2752205265123,678.9245516882755
2045-06-04 07:00:00,2861.511833407629,961.404755304716,431.14186859036494
2045-06-04 08:00:00,2835.905670336917,1328.071615507892,336.98444901315906
2045-06-04 09:00:00,2869.7390843581475,1682.9989574907677,361.7627173229501
2045-06-04 10:00:00,2873.0669611471208,1951.3087357626655,584.7671321110696
2045-06-04 11:00:00,2897.656272976759,2142.230374187573,1035.7316153492673
2045-06-04 12:00:00,2958.759788463189,2417.143631458391,1461.9178302776745
2045-06-04 13:00:00,2993.887376791243,2451.74431673928,1580.8535181646712
2045-06-04 14:00:00,2972.903264816326,2395.9816051928465,1670.0552840799187
2045-06-04 15:00:00,2817.3250249318157,2357.789554140614,1561.0309035168384
2045-06-04 16:00:00,2768.8859294478675,2298.5899441678425,1412.3612936580917
2045-06-04 17:00:00,2747.25473031954,2131.8038283998058,1253.780376475429
2045-06-04 18:00:00,2829.24991675897,1764.01707994535,1233.957761827595
2045-06-04 19:00:00,2981.315397810676,1341.5488913594895,1675.010937741877
2045-06-04 20:00:00,2874.5460174977757,1088.5313802429846,2616.5851335139378
2045-06-04 21:00:00,2882.126181294883,988.0889891541524,3577.981943933833
2045-06-04 22:00:00,2864.0077409993605,764.1885725708966,4390.709144494982
2045-06-04 23:00:00,2773.785303609412,530.0160775448761,4896.185818014722
2045-06-05 00:00:00,2527.1601008853672,696.2490429094502,5090.373491328101
2045-06-05 01:00:00,2442.411775981,662.5770923163253,4810.564377639875
2045-06-05 02:00:00,2493.872356773445,648.592370900632,4100.279704431305
2045-06-05 03:00:00,2428.1705626207818,648.8639188892864,3142.4715844985317
2045-06-05 04:00:00,2286.894231311132,666.10721616883,2190.0444090597643
2045-06-05 05:00:00,2349.1886185861968,739.0178511224909,1409.807457429136
2045-06-05 06:00:00,2579.581745156109,1005.8137499752736,785.6178961246328
2045-06-05 07:00:00,2639.954005474581,1501.1172812805926,484.2850044603898
2045-06-05 08:00:00,2686.784007689777,2009.047794058332,387.4280035683117
2045-06-05 09:00:00,2635.323426897332,2553.2978503185755,403.5708370503246
2045-06-05 10:00:00,2673.940704843445,3087.907952981596,683.3799507385509
2045-06-05 11:00:00,2854.533269356153,3515.5281481148463,1194.5696776689624
2045-06-05 12:00:00,2811.28541283279,4071.183219898566,1576.6167367432697
2045-06-05 13:00:00,2793.811531409209,4349.112586286172,1528.18823629723
2045-06-05 14:00:00,2767.8628174951923,4225.897686434315,1587.378625731278
2045-06-05 15:00:00,2749.60261140755,4280.818267139633,1614.2833482013002
2045-06-05 16:00:00,2754.670037020389,4167.786416862307,1657.3309041533355
2045-06-05 17:00:00,2699.6273105361092,3813.89150064868,1565.8548477552613
2045-06-05 18:00:00,2704.170519706241,3321.3713362270673,1436.712179899157
2045-06-05 19:00:00,3039.9311512603444,2626.276372269398,1915.6162398655424
2045-06-05 20:00:00,2953.872285249209,2274.8932749508226,2916.471915750348
2045-06-05 21:00:00,2811.1980434256725,2025.2048993832575,3777.42303479104
2045-06-05 22:00:00,2709.063206504843,1555.4268790114395,4466.183930023601
2045-06-05 23:00:00,2683.726078440651,1012.5345626944664,4950.468934483985
2045-06-06 00:00:00,3008.7206308951972,480.48343683831854,8072.776203747081
2045-06-06 01:00:00,2794.8998892851764,460.8128325607715,7451.793418843462
2045-06-06 02:00:00,2732.087557834561,441.5279264063135,6193.905213525865
2045-06-06 03:00:00,2735.2729692551943,434.3442988637779,4601.641662490941
2045-06-06 04:00:00,2760.9553488340507,458.1611579645336,3096.9526067629336
2045-06-06 05:00:00,2947.003284620424,525.6101172397501,1950.5228500177868
2045-06-06 06:00:00,3165.90077568208,697.1493574836536,1154.3910745003222
2045-06-06 07:00:00,3045.6514945531667,1001.6580256625432,692.6346447001935
2045-06-06 08:00:00,3036.5929808257397,1488.1197834087432,557.2922428622242
2045-06-06 09:00:00,3239.2647824635437,2015.417329937009,549.3309251070494
2045-06-06 10:00:00,3115.033737058839,2436.262194492667,812.0544110278129
2045-06-06 11:00:00,3053.41593489096,2812.366076769983,1472.8437847073085
2045-06-06 12:00:00,3135.5398230791675,3144.5003730151343,2221.207653693724
2045-06-06 13:00:00,3133.9471173688507,3160.4586328579467,2587.4282704317566
2045-06-06 14:00:00,3184.9137000989863,3105.6412871139014,2682.9640834938523
2045-06-06 15:00:00,3175.954730478454,2958.1599672976845,2651.1188124731543
2045-06-06 16:00:00,3100.599841559093,2846.7414219903035,2332.666102266169
2045-06-06 17:00:00,3091.5413278316673,2733.924720986725,2061.9812985902313
2045-06-06 18:00:00,3214.976020381214,2320.745606627465,1886.832307976389
2045-06-06 19:00:00,3482.8492120351093,1869.430590347764,2372.472691042041
2045-06-06 20:00:00,3386.590060667842,1474.2828632429205,3821.432522483824
2045-06-06 21:00:00,3369.966194816411,1147.4037039248583,5461.463980049797
2045-06-06 22:00:00,3228.8126512395897,801.4324875138836,6862.655904960539
2045-06-06 23:00:00,3131.060338268901,571.1224957642704,7865.7819421125405
2045-06-07 00:00:00,2878.7205538355033,635.6219976707051,7502.427526736968
2045-06-07 01:00:00,2899.482205729129,619.5103068748772,7295.79287028023
2045-06-07 02:00:00,2912.5072043227724,591.3306437574684,6437.464297306085
2045-06-07 03:00:00,2741.321508520613,597.522587671159,5006.91667568251
2045-06-07 04:00:00,2738.089741952265,622.9221943375229,3528.6841333381517
2045-06-07 05:00:00,2931.0164128505794,703.1015497097027,2328.613628531709
2045-06-07 06:00:00,2792.442179692653,967.3332787612828,1335.1777801820042
2045-06-07 07:00:00,2700.483730975132,1442.8492980922697,747.0637579589783
2045-06-07 08:00:00,2770.407407635739,1982.1170664938077,596.0615090098232
2045-06-07 09:00:00,2818.590109200192,2478.42032610647,588.1140222230255
2045-06-07 10:00:00,2861.8761947519956,2972.9544588866493,906.0134936949316
2045-06-07 11:00:00,2919.656263701237,3434.191097355451,1581.549870572731
2045-06-07 12:00:00,2928.274307883497,3915.393595790848,2161.716406008959
2045-06-07 13:00:00,2909.4713023949303,4027.985882058163,2241.1912738769342
2045-06-07 14:00:00,2787.153834398994,3971.0579079129056,2336.5611153185077
2045-06-07 15:00:00,2814.2810871090614,3921.901455210341,2439.878443546876
2045-06-07 16:00:00,2718.0136163004104,3876.409622375062,2431.930956760079
2045-06-07 17:00:00,2741.4194408408653,3513.991354120672,2431.9309567600794
2045-06-07 18:00:00,2960.8857705277296,2945.8489084889625,2169.663892795757
2045-06-07 19:00:00,3130.504549205841,2410.8144078651535,2574.9857189224363
2045-06-07 20:00:00,3249.198521352418,2052.81895669197,3926.0584726780344
2045-06-07 21:00:00,3276.12990942198,1778.7306638594132,5213.551332139253
2045-06-07 22:00:00,3217.07672030945,1279.4577984922244,6310.304508717325
2045-06-07 23:00:00,3019.9389596402593,873.5063735385189,7184.528055265066
2045-06-08 00:00:00,2813.672171512823,580.3939262078055,5478.433090870056
2045-06-08 01:00:00,2825.8254426862604,552.1333421649643,5071.25225303512
2045-06-08 02:00:00,2821.647755720391,532.0609353900692,4380.2787100424985
2045-06-08 03:00:00,2710.844103693818,534.904052496995,3491.884154766273
2045-06-08 04:00:00,2706.191679572737,557.7627140366772,2566.473159686871
2045-06-08 05:00:00,2798.195740252899,621.8465736267817,1733.6032641154106
2045-06-08 06:00:00,2933.6857243505156,848.1586953380644,1048.799127756654
2045-06-08 07:00:00,2971.2849070433376,1273.943913271252,592.2630368508164
2045-06-08 08:00:00,2941.756255989127,1724.6348370611086,450.36668427197515
2045-06-08 09:00:00,2906.24591677924,2199.3785315755567,468.8749041735631
2045-06-08 10:00:00,2874.5334748110517,2700.222041131582,752.6676093312461
2045-06-08 11:00:00,2995.87629168334,3101.897625998041,1462.1493722254534
2045-06-08 12:00:00,2837.7888189976125,3507.041813734948,2085.2594422455836
2045-06-08 13:00:00,2843.105875135991,3664.607363800768,1986.5489361037812
2045-06-08 14:00:00,2767.2428777330506,3563.1649454256603,1567.0292850011192
2045-06-08 15:00:00,2787.846470269268,3572.3197825099614,1548.5210650995311
2045-06-08 16:00:00,2880.9899001219396,3467.806797659373,1665.7397911429225
2045-06-08 17:00:00,2845.289666049968,3141.075779731476,1776.7891105524495
2045-06-08 18:00:00,2946.503627541251,2726.6630302259905,1844.6525835249397
2045-06-08 19:00:00,2960.9356370597075,2216.892132954219,2295.0192677969144
2045-06-08 20:00:00,2960.840689628665,1865.3691338539295,3615.2722874435262
2045-06-08 21:00:00,2929.6979322467323,1559.506595490866,4812.137174412886
2045-06-08 22:00:00,2901.4985452271153,1154.2486830696816,5318.028518389625
2045-06-08 23:00:00,2708.7552602108835,786.1787424070849,5527.788343940957
2045-06-09 00:00:00,2767.1884183036914,870.972664912077,6084.834096027588
2045-06-09 01:00:00,2774.771887372193,820.374989974405,6195.91626005243
2045-06-09 02:00:00,2748.9103133693548,798.6661377891271,5578.793126581073
2045-06-09 03:00:00,2711.0901919892644,790.6414648023509,4393.916710316064
2045-06-09 04:00:00,2679.686852128675,803.1430606133287,3091.7868986915014
2045-06-09 05:00:00,2872.870865450628,889.9784693544409,1968.6227957736303
2045-06-09 06:00:00,3059.8325451779133,1230.2246039937438,1098.4791775790166
2045-06-09 07:00:00,3115.8335475299236,1702.5821970679688,610.9519021366443
2045-06-09 08:00:00,3167.945591385268,2293.8738908304103,475.1848127729456
2045-06-09 09:00:00,3100.666609392921,3148.6282692850027,438.15742476466414
2045-06-09 10:00:00,3082.3885044585845,3932.3431742461376,604.7806708019305
2045-06-09 11:00:00,3169.5983987463505,4515.356784295907,999.7394762235994
2045-06-09 12:00:00,3103.8750001526723,5243.574740285337,1376.1845876411278
2045-06-09 13:00:00,3109.708437897673,5444.276035196708,1548.9790650131074
2045-06-09 14:00:00,3084.138535782085,5429.409272610678,1820.5132437405048
2045-06-09 15:00:00,3034.9432107992425,5392.664717355441,2141.417273145611
2045-06-09 16:00:00,2979.720000146565,5026.908569642387,2178.4446611538924
2045-06-09 17:00:00,3002.6648552769025,4764.797408821692,1999.4789524471987
2045-06-09 18:00:00,2976.2199374995644,4253.330093717178,1586.0064530213897
2045-06-09 19:00:00,3125.1670479219265,3500.4468270736597,1678.574923042093
2045-06-09 20:00:00,3138.486730773012,2880.0973700748905,2493.177459224285
2045-06-09 21:00:00,3040.87387250666,2368.12323351858,3406.519696761892
2045-06-09 22:00:00,2989.150724500984,1743.2968536956114,4381.5742476466385
2045-06-09 23:00:00,2928.0940761033053,1162.0571187271312,5405.998649209093
2045-06-10 00:00:00,2711.7969245382665,470.3408270966201,3133.3658717701855
2045-06-10 01:00:00,2628.995372745156,441.1801500327832,3034.625350600959
2045-06-10 02:00:00,2500.3671269195565,436.1383507273532,2665.9940715691714
2045-06-10 03:00:00,2530.518694220611,425.0554765784807,2113.047153021492
2045-06-10 04:00:00,2559.840401871177,432.0958269599367,1520.6040260061193
2045-06-10 05:00:00,2710.6904450042825,478.1079233239031,990.696562397926
2045-06-10 06:00:00,2797.2724685385033,590.6626861964697,585.8604256040893
2045-06-10 07:00:00,2925.624094480607,892.7164283686111,329.1350705640951
2045-06-10 08:00:00,2892.4297084610976,1270.7605330451115,243.5599522174305
2045-06-10 09:00:00,2978.919525367486,1674.8312233253182,236.9772508061486
2045-06-10 10:00:00,2919.0774239045368,2035.2517412404968,329.1350705640951
2045-06-10 11:00:00,3020.6891277753693,2330.583084338731,615.4825819548574
2045-06-10 12:00:00,3011.4684649921724,2689.095894408612,921.578197579466
2045-06-10 13:00:00,3068.636574247994,2983.9275997378422,997.279263809208
2045-06-10 14:00:00,3038.669420202604,2837.215782111372,921.5781975794664
2045-06-10 15:00:00,3068.4521609923304,2839.941079033228,987.4052116922852
2045-06-10 16:00:00,2939.362882027571,2805.4660729717734,1020.3187187486948
2045-06-10 17:00:00,2943.512180280009,2637.178988047297,970.9484581640802
2045-06-10 18:00:00,3017.9229289404097,2363.2866474009775,898.5387426399794
2045-06-10 19:00:00,3149.6862001122963,1791.9735693496723,1000.5706145148492
2045-06-10 20:00:00,3129.124122105767,1534.2967453883837,1560.10023447381
2045-06-10 21:00:00,3055.7276463515173,1363.6023148496013,2192.039569956873
2045-06-10 22:00:00,2926.2695408754307,1085.8945585126871,2613.332460278916
2045-06-10 23:00:00,2840.701790247361,696.4042067644014,2949.050232254293
2045-06-11 00:00:00,2706.467422890129,218.88742869903749,5607.868118444616
2045-06-11 01:00:00,2623.917016420353,207.1582531995887,5137.530792381517
2045-06-11 02:00:00,2532.1943425650466,194.31405553200216,4594.8338776933315
2045-06-11 03:00:00,2520.7984952072657,195.2360930941161,3617.9794312545914
2045-06-11 04:00:00,2605.479832483781,207.0295967955729,2502.4357732844237
2045-06-11 05:00:00,2714.5279002895354,231.62441269661085,1742.6600927209613
2045-06-11 06:00:00,2937.534441673095,305.2587612617063,1139.6635208451955
2045-06-11 07:00:00,2930.6784034253246,463.1201689892056,602.9965718757645
2045-06-11 08:00:00,2866.194584230078,649.2859856002011,428.1275660317931
2045-06-11 09:00:00,2897.8805988346394,843.7286975362194,470.3373260630965
2045-06-11 10:00:00,2941.1477591280013,1070.2068540721943,675.3561605008568
2045-06-11 11:00:00,2845.3485219902363,1254.035412676901,1224.0830409078028
2045-06-11 12:00:00,2847.8500494590166,1369.7189626211907,1748.6900584397188
2045-06-11 13:00:00,2882.5008373599107,1406.8148924457732,1893.4092356899023
2045-06-11 14:00:00,2847.5721019624852,1364.379721854532,1887.379269971145
2045-06-11 15:00:00,2949.022938196386,1338.6913265193582,1784.8698527522631
2045-06-11 16:00:00,2931.6048950804284,1301.5739539607737,1513.52139540817
2045-06-11 17:00:00,2997.107855096289,1166.827813488129,1616.0308126270495
2045-06-11 18:00:00,3067.891817546244,1026.8925313868442,1808.9897156272948
2045-06-11 19:00:00,3228.6381197068067,867.9804296932148,2026.068481502571
2045-06-11 20:00:00,3243.6472845194926,694.0584141977321,3099.402379441433
2045-06-11 21:00:00,3196.1182626126524,516.362477517783,4245.095866005386
2045-06-11 22:00:00,3043.6177361825157,357.4718185581558,5089.291066631457
2045-06-11 23:00:00,2926.6018401428664,266.42596998290946,5692.2876385072195
2045-06-12 00:00:00,2969.9796598515413,817.7570313740175,7460.387443862928
2045-06-12 01:00:00,2932.776807339402,798.01398377928,7583.192175449151
2045-06-12 02:00:00,2916.2422062228948,766.6620241988371,6784.961420138713
2045-06-12 03:00:00,2780.312404020918,758.6858329705634,5280.603458207507
2045-06-12 04:00:00,2849.3347505421484,759.3965826839737,3776.2454962762986
2045-06-12 05:00:00,2890.478990529734,837.8949399206492,2486.795814620977
2045-06-12 06:00:00,2924.7017695848285,1049.698354516991,1381.5532303449868
2045-06-12 07:00:00,2968.4415574220984,1576.7587531060967,767.5295724138813
2045-06-12 08:00:00,2920.664250707542,2177.8160940802786,590.9977707586885
2045-06-12 09:00:00,2928.4508942565944,2678.81566984433,544.9459964138556
2045-06-12 10:00:00,3063.5155138420105,3233.437362875692,713.8025023449097
2045-06-12 11:00:00,3088.125152713089,3837.73256365541,1205.0214286897944
2045-06-12 12:00:00,3182.7184521238005,4558.511745244077,1803.6944951726227
2045-06-12 13:00:00,3159.743047084004,5051.929990731754,2164.433394207148
2045-06-12 14:00:00,2977.5740405969127,4948.476421335327,2363.9910830347567
2045-06-12 15:00:00,3031.4076256273993,4942.3165904857715,2433.0687445520066
2045-06-12 16:00:00,3096.2963218695018,5057.063183106385,2555.873476138226
2045-06-12 17:00:00,2844.912706057501,4584.01976273648,2456.094631724421
2045-06-12 18:00:00,3053.2294538451133,3980.909144812446,1980.2262968278133
2045-06-12 19:00:00,3254.720872102075,3189.607797215373,2072.32984551748
2045-06-12 20:00:00,3170.7020268937813,2882.484948831638,3116.1700640003596
2045-06-12 21:00:00,3130.1345753172363,2700.3750778177837,4451.671520000514
2045-06-12 22:00:00,3034.483830486284,2029.269403977474,5771.822384552393
2045-06-12 23:00:00,2985.168421342285,1296.6443938319646,6815.662603035268
2045-06-13 00:00:00,2766.3494478515554,665.6350321764869,14115.961721590533
2045-06-13 01:00:00,2819.3840966762373,627.5786428092332,13619.697442315855
2045-06-13 02:00:00,2757.5103397141083,595.4705630405585,11800.061751642086
2045-06-13 03:00:00,2681.2608903965697,588.818689941072,9153.318928843864
2045-06-13 04:00:00,2710.1094081638425,601.8026345487234,6203.303490933335
2045-06-13 05:00:00,2864.5509679280267,663.1405797641793,3777.122570034965
2045-06-13 06:00:00,3026.180373869916,836.0892803508248,2178.0487812610377
2045-06-13 07:00:00,3075.8153657186567,1227.1426662187066,1323.3714113991127
2045-06-13 08:00:00,3081.740482162439,1722.0676089477986,978.743439680594
2045-06-13 09:00:00,2920.5967415028276,2300.5886876483187,978.743439680594
2045-06-13 10:00:00,3074.3583698718244,2953.8793783997967,1419.8672434802977
2045-06-13 11:00:00,3139.631783809895,3489.611004181508,2384.825564292149
2045-06-13 12:00:00,2986.064421553809,3931.704724024292,3267.0731718915563
2045-06-13 13:00:00,2874.7499388558504,4197.97152895854,3639.271381347556
2045-06-13 14:00:00,2799.9574853851445,4101.135607106402,4356.0975625220735
2045-06-13 15:00:00,2829.971599829882,4036.727566614258,5031.56838709037
2045-06-13 16:00:00,2986.8414860054527,3931.6407637060265,4783.436247453037
2045-06-13 17:00:00,2901.9471946633794,3598.2156245942724,3887.4035209848894
2045-06-13 18:00:00,3051.0464363225133,3269.2037474427557,3363.5690039727424
2045-06-13 19:00:00,3192.3750334652104,2721.639462782151,3942.543996459853
2045-06-13 20:00:00,3119.428108067159,2230.0404566028037,5927.6011135585195
2045-06-13 21:00:00,3052.697698282257,1775.8582366080666,8160.790370294522
2045-06-13 22:00:00,2980.624970392304,1287.6491272967264,10421.549864768003
2045-06-13 23:00:00,2756.4418760930976,897.1074239749598,12792.59031019142
2045-06-14 00:00:00,2719.760091900342,837.9325202476549,10244.135143577856
2045-06-14 01:00:00,2774.9634637041195,805.5736664053047,9071.480364723371
2045-06-14 02:00:00,2762.5727571350976,773.2148125629545,7566.942157891206
2045-06-14 03:00:00,2680.3687411659885,769.1699558326608,5863.273894272425
2045-06-14 04:00:00,2672.9713044083637,773.5384011013776,3949.412792934445
2045-06-14 05:00:00,2802.333979707332,852.9793872843474,2467.0001479674556
2045-06-14 06:00:00,2843.112349833741,1132.883473020676,1482.41264496699
2045-06-14 07:00:00,2848.7528953614296,1621.663960309374,929.2735983375152
2045-06-14 08:00:00,2893.3224518261213,2185.9214741853525,763.3318843486732
2045-06-14 09:00:00,2863.362832957739,2834.1502137822304,862.8969127419783
2045-06-14 10:00:00,2903.586395327326,3519.753429567025,1659.4171398884223
2045-06-14 11:00:00,2899.7952089890427,4129.475133091502,2986.9508517991617
2045-06-14 12:00:00,2984.680795782792,4847.841688391676,3672.84326961971
2045-06-14 13:00:00,2926.148577438082,5176.04136348771,3042.2647564621066
2045-06-14 14:00:00,2848.567959442489,5153.632857201883,2998.013632731749
2045-06-14 15:00:00,2863.1778970387986,5131.871527992902,3374.1481844397936
2045-06-14 16:00:00,2810.28622422178,5008.503397718945,3152.8925657880027
2045-06-14 17:00:00,2831.9237267378335,4600.862736439941,2986.9508517991585
2045-06-14 18:00:00,2802.2415117478618,4063.1394827146873,3141.82978485541
2045-06-14 19:00:00,2915.4222941395255,3363.0556798354414,4579.991306092044
2045-06-14 20:00:00,2849.677574956133,2894.8230647366345,7058.054234992089
2045-06-14 21:00:00,2870.3903978774833,2530.785959010197,8628.969127419796
2045-06-14 22:00:00,2880.284469540806,1857.4791076854988,9513.991602026948
2045-06-14 23:00:00,2744.356569119445,1222.5174981639857,10354.762952903748
2045-06-15 00:00:00,2658.002447236725,810.8313436494877,6462.208950979866
2045-06-15 01:00:00,2615.066746823511,783.7880452790176,5962.369584605731
2045-06-15 02:00:00,2480.4254952092488,752.6921488818488,4962.690851857463
2045-06-15 03:00:00,2520.717596233964,772.0978586635406,3653.58774944902
2045-06-15 04:00:00,2501.756607516451,776.6180641548577,2314.73230380402
2045-06-15 05:00:00,2503.397462309313,845.9019034959191,1368.6077888815548
2045-06-15 06:00:00,2728.6503619293812,1223.5728657532636,821.1646733289332
2045-06-15 07:00:00,2827.5574424990996,1782.05204766332,517.6907723160666
2045-06-15 08:00:00,2906.683106954873,2184.194467235731,398.6813993698445
2045-06-15 09:00:00,2898.752308789376,2655.2310532620204,404.6318680171556
2045-06-15 10:00:00,2795.4696154386934,3299.438270352243,577.1954587891776
2045-06-15 11:00:00,2915.6166497160093,3817.3135374178746,952.0749835697776
2045-06-15 12:00:00,2804.950109797449,4547.482593420571,1380.5087261761764
2045-06-15 13:00:00,2851.0763611967827,4838.178567258765,1755.3882509567766
2045-06-15 14:00:00,2779.42570190849,4869.430332810807,2231.425742741666
2045-06-15 15:00:00,2783.710156089851,5034.807506131092,2362.336052982511
2045-06-15 16:00:00,2663.2896460137235,4876.210641047786,1916.0509044341768
2045-06-15 17:00:00,2803.9473652018114,4270.347236056328,1440.0134126492885
2045-06-15 18:00:00,2883.16418825719,3735.404296532097,1273.4002905245777
2045-06-15 19:00:00,3045.061861152876,3181.0556472261756,1582.824660184755
2045-06-15 20:00:00,3023.913066044881,2848.197066994828,2475.3949572814204
2045-06-15 21:00:00,2919.6276280985608,2593.584802509736,3594.0830629759093
2045-06-15 22:00:00,2882.343760860759,1917.4244086705464,4879.384290795111
2045-06-15 23:00:00,2799.6629110204503,1250.7720332786078,6069.478020257332
2045-06-16 00:00:00,2727.3732208172987,504.9550443619625,9594.398045718848
2045-06-16 01:00:00,2707.046934377288,480.7702527432358,9420.65643120885
2045-06-16 02:00:00,2631.859408807924,458.77964584798207,8185.16050580441
2045-06-16 03:00:00,2832.7541621664864,461.1688692135419,6331.916617697753
2045-06-16 04:00:00,2769.407191804896,475.8455270305513,4430.41117000498
2045-06-16 05:00:00,2884.9512763740886,523.0936380760072,2789.51814407721
2045-06-16 06:00:00,3063.052960957687,725.3487099197124,1563.6745305899933
2045-06-16 07:00:00,3112.9806354171333,1062.7655607293668,916.9696321361072
2045-06-16 08:00:00,2998.719277662116,1384.920637795752,714.2710818744417
2045-06-16 09:00:00,3077.853654967405,1765.977384772262,675.6618342055532
2045-06-16 10:00:00,3009.2771060557147,2228.852842104061,965.231191722218
2045-06-16 11:00:00,3028.1233230947546,2611.274859575176,1679.502273596659
2045-06-16 12:00:00,3115.0527325784938,2993.4043190831594,2422.730291222766
2045-06-16 13:00:00,3133.997620910932,3118.3265693395665,2721.9519606566546
2045-06-16 14:00:00,3116.3354593926692,3084.146047313907,2934.3028228355424
2045-06-16 15:00:00,3119.2955981946125,3121.4471876129505,3223.872180352207
2045-06-16 16:00:00,2975.038167246569,2990.673778093949,3243.176804186651
2045-06-16 17:00:00,3158.17208779347,2675.6376114637205,2886.0412632494313
2045-06-16 18:00:00,3221.5190581550605,2349.3379632530005,2393.7733554711012
2045-06-16 19:00:00,3338.740554712021,2005.6798758965767,2760.5612083255446
2045-06-16 20:00:00,3353.047892254748,1717.3152435716795,4247.01724357776
2045-06-16 21:00:00,3301.344134514135,1409.2517083960445,5926.519517174421
2045-06-16 22:00:00,3165.1777496247364,1005.0828823322836,7451.584800095524
2045-06-16 23:00:00,3144.6541205979283,678.8807534426035,8802.908468506632
2045-06-17 00:00:00,2829.972267838572,558.341577460962,5003.260911118349
2045-06-17 01:00:00,2791.95881666651,550.1457377918102,4556.367703523317
2045-06-17 02:00:00,2685.115184488723,523.5631788648902,3798.592264557817
2045-06-17 03:00:00,2595.7097617078302,499.5148598356687,2827.085291525126
2045-06-17 04:00:00,2642.027122116507,518.1172590847303,1860.4358533576008
2045-06-17 05:00:00,2778.949358862479,572.0911769059205,1165.808367639228
2045-06-17 06:00:00,2818.439060565496,711.3126112858533,718.9151600441905
2045-06-17 07:00:00,2859.128215824911,1071.174676759003,432.3206029995473
2045-06-17 08:00:00,2882.010099054696,1501.2944993959989,330.31237083111495
2045-06-17 09:00:00,2796.203036943002,1810.7952869021235,340.02744056144167
2045-06-17 10:00:00,2870.3846261234344,2179.7698320074232,490.6110213815086
2045-06-17 11:00:00,2912.365500597435,2740.1064493878516,874.3562757294205
2045-06-17 12:00:00,2860.143138064942,3263.831388246212,1311.5344135941318
2045-06-17 13:00:00,2806.8135876342326,3473.741939772576,1564.1262265826313
2045-06-17 14:00:00,2718.884415384293,3391.8913830767065,1704.9947376723708
2045-06-17 15:00:00,2805.429602761464,3408.606582401951,1690.4221330768798
2045-06-17 16:00:00,2723.22090131897,3462.364820231848,1408.6851108973997
2045-06-17 17:00:00,2682.624011717739,3144.290753071806,1190.0960419650455
2045-06-17 18:00:00,2841.4132094534643,2576.081816009167,1156.0932979089014
2045-06-17 19:00:00,3010.1670982731293,2184.6226318115255,1428.115250358054
2045-06-17 20:00:00,3005.277018389344,2098.5123952876083,2273.326316896493
2045-06-17 21:00:00,2989.222793865221,1820.6087265059764,3273.9784991201636
2045-06-17 22:00:00,2792.5124106156172,1239.4589899657296,4177.479984040565
2045-06-17 23:00:00,2827.204298093033,748.3017297926825,4876.965004624103
2045-06-18 00:00:00,3100.131366236745,289.10780952182165,5164.145077023145
2045-06-18 01:00:00,3036.6259878795986,280.7598389716502,5106.892914306704
2045-06-18 02:00:00,2959.287754830796,272.3839487875318,4648.875612575161
2045-06-18 03:00:00,2995.022629450906,275.23175145013204,3732.841009112077
2045-06-18 04:00:00,2983.3904561874688,275.4551085217085,2719.477729031038
2045-06-18 05:00:00,3147.812797181467,302.09043930720503,1849.244855741105
2045-06-18 06:00:00,3260.990699204105,420.5255265106396,1087.791091612415
2045-06-18 07:00:00,3432.5390562513808,614.1202682995635,578.2468434360729
2045-06-18 08:00:00,3375.950105240061,782.6990180719207,440.8416529166097
2045-06-18 09:00:00,3290.647501308185,957.8668014557844,435.1164366449654
2045-06-18 10:00:00,3244.223602608159,1158.6927284369972,641.2242224241595
2045-06-18 11:00:00,3316.950884093076,1339.2490011726436,1156.4936868721466
2045-06-18 12:00:00,3039.874612845063,1613.6710832383103,1608.785772332046
2045-06-18 13:00:00,3114.592987050749,1745.2004787629187,1620.2362048753332
2045-06-18 14:00:00,3020.8020404671747,1740.90085513507,1522.9075282573808
2045-06-18 15:00:00,3003.8253551637786,1782.6965471538222,1608.785772332045
2045-06-18 16:00:00,3144.144994801104,1755.3632255196492,1706.1144489499975
2045-06-18 17:00:00,3213.2044739056587,1574.4160779087422,1832.069206926172
2045-06-18 18:00:00,3282.7879247788346,1364.0974753855287,1706.1144489499968
2045-06-18 19:00:00,3465.758866382099,1116.4782419090402,1889.3213696426144
2045-06-18 20:00:00,3296.725573824215,1012.8684803314956,2862.608135822144
2045-06-18 21:00:00,3326.696758989469,955.3540344005488,3801.5436043718073
2045-06-18 22:00:00,3105.8950556916016,720.7174307094447,4442.767826795965
2045-06-18 23:00:00,2932.041222862384,458.2728716070668,4946.58685870066
2045-06-19 00:00:00,2624.520757204601,680.4016321881271,12186.40104518528
2045-06-19 01:00:00,2604.319906135357,653.804174439223,10777.425670792656
2045-06-19 02:00:00,2489.8484167429738,623.8737019348172,8775.197507182094
2045-06-19 03:00:00,2655.476691019044,633.5394447257725,6599.93728004963
2045-06-19 04:00:00,2619.9381567305595,650.7378008641613,4437.036486025877
2045-06-19 05:00:00,2744.790639033526,726.1972549287211,2756.1535832417003
2045-06-19 06:00:00,2914.4403790317133,964.7077908324252,1717.9612021102987
2045-06-19 07:00:00,3026.480284499094,1459.7271423195448,1050.5518142401108
2045-06-19 08:00:00,3023.300520904861,2000.008834186378,840.4414513920888
2045-06-19 09:00:00,3022.5523412356297,2521.3590022419617,877.5197507182105
2045-06-19 10:00:00,2971.3020338932893,3096.3707078611224,1433.694240610034
2045-06-19 11:00:00,3020.8689369798603,3559.3931176954243,2731.4347170242863
2045-06-19 12:00:00,2927.159433408645,4025.881862875448,3942.659161677588
2045-06-19 13:00:00,2894.2395279624693,4284.8571093779365,4090.972358982076
2045-06-19 14:00:00,2821.7596225056914,4184.066743171562,3819.064830590518
2045-06-19 15:00:00,2716.5468565200463,4148.403485287694,3917.940295460177
2045-06-19 16:00:00,2781.825532660473,4130.138564427546,3398.8441048944755
2045-06-19 17:00:00,2840.557636695127,3705.979106642393,3028.06111163326
2045-06-19 18:00:00,2751.3372111392987,3251.1559131066265,3126.9365765029193
2045-06-19 19:00:00,2877.873097698035,2626.682268515816,4226.926123177857
2045-06-19 20:00:00,2907.8002844672856,2191.39054144729,6871.844808441191
2045-06-19 21:00:00,2808.57295583549,1909.617474017172,9417.888028834868
2045-06-19 22:00:00,2795.4798116239435,1433.7962875217415,11049.33319918422
2045-06-19 23:00:00,2718.043215858508,994.3049618612814,12211.119911402697
2045-06-20 00:00:00,2742.4443149291205,905.084535724821,10468.64283879366
2045-06-20 01:00:00,2664.539532882074,877.6356976259161,10343.019124728133
2045-06-20 02:00:00,2729.215200996603,845.9150204851288,9107.719269750482
2045-06-20 03:00:00,2608.585280619352,859.6394395345814,6951.178844958986
2045-06-20 04:00:00,2564.194253868016,923.1716840085368,4815.575705845082
2045-06-20 05:00:00,2645.822786503475,1046.327894684087,3140.592851638096
2045-06-20 06:00:00,2895.2160824905627,1492.0533981179608,1790.1379254337166
2045-06-20 07:00:00,2975.5707004510377,2300.248988765192,994.5210696853982
2045-06-20 08:00:00,2845.14143642007,3103.4456188314944,785.1482129095249
2045-06-20 09:00:00,3040.3443620021044,3782.6680264908214,732.8049987155566
2045-06-20 10:00:00,2943.0368795206987,4467.343845692978,973.5837840078108
2045-06-20 11:00:00,2882.868909486879,5092.5774790783,1633.108282851809
2045-06-20 12:00:00,2932.355594938148,5719.810696695991,2449.662424277716
2045-06-20 13:00:00,2823.288900072282,5783.070270592806,3046.3750660889536
2045-06-20 14:00:00,2738.622570904171,5595.200242942354,3475.5894224794924
2045-06-20 15:00:00,2827.306630970306,5638.191303938323,3538.4012795122544
2045-06-20 16:00:00,2844.651469237385,5533.485802316011,3339.497065575177
2045-06-20 17:00:00,2997.4232367988257,4936.791689338158,3140.592851638097
2045-06-20 18:00:00,3009.37843605636,4006.2578997468,2585.754781182035
2045-06-20 19:00:00,3234.8613335283785,3236.7815310536544,2784.6589951191145
2045-06-20 20:00:00,3127.0685533374963,2809.2340660958776,4271.206278227811
2045-06-20 21:00:00,3040.2463685655675,2394.593008456127,6155.561989210669
2045-06-20 22:00:00,2919.3224678787046,1728.2770081148278,8144.604128581463
2045-06-20 23:00:00,2802.220311216792,1172.574371900574,9756.775125755696
2045-06-21 00:00:00,2850.227729374883,907.9411272960084,8468.312806034108
2045-06-21 01:00:00,2782.124472074159,859.6255616235535,8575.506639021889
2045-06-21 02:00:00,2832.6698583520397,823.7670478740148,7753.68725278229
2045-06-21 03:00:00,2752.967765042285,832.4869842200568,6288.70486861605
2045-06-21 04:00:00,2859.485515914201,886.0523074885984,4573.603540811671
2045-06-21 05:00:00,3100.6136112945815,986.4205544103828,2929.9647683324774
2045-06-21 06:00:00,3033.3616447101153,1342.8701972904123,1679.3700501417848
2045-06-21 07:00:00,3064.220933174506,2098.657333242225,929.01321922737
2045-06-21 08:00:00,2974.516173948707,2824.1916288098123,687.8270950048794
2045-06-21 09:00:00,3010.376795371121,3508.9735688010032,643.1629979266407
2045-06-21 10:00:00,2868.956125132583,4330.961037828886,884.3491221491311
2045-06-21 11:00:00,2780.102656623043,4991.451726570388,1598.974675400956
2045-06-21 12:00:00,2828.4134047707453,5525.236401467367,2277.868950990189
2045-06-21 13:00:00,2808.620895617722,5762.543240598928,2358.2643257310183
2045-06-21 14:00:00,2629.9562565428505,5506.7287814676,2277.8689509901883
2045-06-21 15:00:00,2689.546606680985,5582.538840312778,2813.838115929055
2045-06-21 16:00:00,2695.718464373864,5461.438499833568,3090.755517814136
2045-06-21 17:00:00,2777.6551958137984,4816.252189168794,2894.2334906698834
2045-06-21 18:00:00,3103.380306122423,4151.6684690811935,2474.3909781344373
2045-06-21 19:00:00,3157.650089283939,3396.682143610138,2608.383269369156
2045-06-21 20:00:00,3167.9719892185803,2876.06635217453,3948.3061817163266
2045-06-21 21:00:00,3224.1571764916785,2324.4858888162426,5395.422927051267
2045-06-21 22:00:00,3071.5633156022413,1707.1499870934165,6413.764340435113
2045-06-21 23:00:00,2991.435576934356,1184.8435957539832,7539.299586806741
2045-06-22 00:00:00,3100.497252655576,511.70094967488734,6375.75675172514
2045-06-22 01:00:00,3040.2414217898877,491.9878398052069,6213.237461975283
2045-06-22 02:00:00,2945.059525996496,474.6462318747362,5425.643980879824
2045-06-22 03:00:00,2902.6572746465667,459.92315733547616,4175.495598188621
2045-06-22 04:00:00,2942.4930739411047,465.0120052466968,2912.845731670505
2045-06-22 05:00:00,3017.9244473951885,515.1099837125012,1881.4733159502607
2045-06-22 06:00:00,3017.031768419401,625.9776993705535,1118.8828025086275
2045-06-22 07:00:00,3188.760886386612,924.6881311301717,625.074191345602
2045-06-22 08:00:00,3247.4545290446717,1334.2168722574413,456.3041596822893
2045-06-22 09:00:00,3110.7630608771383,1730.0600709438563,425.0504501150092
2045-06-22 10:00:00,3163.5427053206013,2113.8975410630233,487.5578692495692
2045-06-22 11:00:00,3067.468130551421,2519.276153796676,875.1038678838431
2045-06-22 12:00:00,3010.4482609729644,2947.0852223720217,1487.6765754025332
2045-06-22 13:00:00,2960.3466534568647,3222.8711353859458,1981.4851865655587
2045-06-22 14:00:00,2717.7611417864828,3133.0504994383805,2087.7477990943107
2045-06-22 15:00:00,2779.355991115853,3089.424745015003,2112.7507667481345
2045-06-22 16:00:00,2761.725581344041,3101.578692453452,1975.2344446521024
2045-06-22 17:00:00,2781.029764195456,2893.4793972878033,1750.2077357676849
2045-06-22 18:00:00,3022.4994271461023,2535.5308233383416,1518.930284969813
2045-06-22 19:00:00,3314.628621972716,2024.3733428578569,1512.6795430563568
2045-06-22 20:00:00,3173.5853437982164,1776.1067335968446,2387.7834109402
2045-06-22 21:00:00,3293.762250913672,1564.7466232647826,3725.4421804197905
2045-06-22 22:00:00,3034.215838703319,1162.03595021274,4938.086111630256
2045-06-22 23:00:00,3099.716158551762,744.4045774598364,5900.700366302481
2045-06-23 00:00:00,2783.91065477159,797.2623106677759,8157.145961307961
2045-06-23 01:00:00,2601.5195451271397,759.1150556031571,7799.1032950673425
2045-06-23 02:00:00,2566.0002464141917,720.8145987109692,6756.109441235981
2045-06-23 03:00:00,2585.472258656276,724.3382407450504,5214.969269156806
2045-06-23 04:00:00,2619.719516368485,728.5512910031908,3518.158372625189
2045-06-23 05:00:00,2840.663253266108,800.0199435640126,2171.6066061115653
2045-06-23 06:00:00,2955.5383405636308,1069.501958257444,1315.417621623135
2045-06-23 07:00:00,3046.342498154859,1521.2941477576885,770.570086039588
2045-06-23 08:00:00,3020.0210343703334,2030.920027165136,544.8475355835475
2045-06-23 09:00:00,2918.9426994654427,2685.2450327112665,537.0639993609253
2045-06-23 10:00:00,2959.8437101045947,3437.7724097289697,669.384115145501
2045-06-23 11:00:00,2867.963210128125,4028.059051351362,1151.9633609480709
2045-06-23 12:00:00,2784.204202694837,4641.402568022854,1782.429794980461
2045-06-23 13:00:00,2804.8504066299115,4922.298118870157,2272.7925770056536
2045-06-23 14:00:00,2789.879462544289,4920.536297853117,2630.83524324627
2045-06-23 15:00:00,2714.6333448851783,4880.627221771458,2887.691938592801
2045-06-23 16:00:00,2849.861088194529,4705.134528291454,2584.134025910538
2045-06-23 17:00:00,2852.013772965011,4280.229259529527,2062.6370989948573
2045-06-23 18:00:00,2987.5350641976092,3877.308453023714,1852.4816209840603
2045-06-23 19:00:00,3122.567108891461,3281.046940126139,1961.4511281007697
2045-06-23 20:00:00,2974.912503497966,2719.3324393453163,3020.0120543773755
2045-06-23 21:00:00,3087.7327553327577,2267.0040434485804,4530.018081566063
2045-06-23 22:00:00,2872.3664289768376,1645.7706326572977,6008.889963864262
2045-06-23 23:00:00,2784.7912985413323,1133.5403221811814,7441.060628826728
2045-06-24 00:00:00,2965.4019422282363,280.4218750030116,6857.419863242197
2045-06-24 01:00:00,2874.7542086416097,265.1908531589043,6270.459081628563
2045-06-24 02:00:00,2885.516040026323,254.07110351547087,5282.647034522696
2045-06-24 03:00:00,2866.6828351030745,256.6923844487864,3965.564305048201
2045-06-24 04:00:00,2868.2350223220233,259.644774552626,2770.168566883852
2045-06-24 05:00:00,3062.465382986517,292.7556916050331,1882.5693361510412
2045-06-24 06:00:00,3237.4486221360426,381.43776444373015,1152.447388290181
2045-06-24 07:00:00,3244.899120786998,545.1712492678837,651.3833064248852
2045-06-24 08:00:00,3286.6012174027637,787.7363091076423,508.2221401776579
2045-06-24 09:00:00,3213.3379806683665,1085.293083685275,515.3801984900191
2045-06-24 10:00:00,3220.1676044317433,1352.029112973291,744.4380644855827
2045-06-24 11:00:00,3206.1979194612013,1526.468460977722,1410.1374875351908
2045-06-24 12:00:00,3194.8152131889087,1708.1646183028067,2197.523901894942
2045-06-24 13:00:00,3182.5011945852452,1802.2548075933964,2519.636525951205
2045-06-24 14:00:00,3115.1362692828557,1779.132350518466,2333.5270098298083
2045-06-24 15:00:00,3164.599301993366,1703.1979807449457,2032.8885607106292
2045-06-24 16:00:00,3208.991856455309,1650.3584756154803,1832.4629279645112
2045-06-24 17:00:00,3234.6546851419344,1557.482353283477,1875.41127783868
2045-06-24 18:00:00,3340.927770065981,1421.0929674584372,1889.7273944634023
2045-06-24 19:00:00,3344.446061095599,1126.2954359685052,2290.5786599556395
2045-06-24 20:00:00,3353.655705261363,853.6546264728102,3693.558089178469
2045-06-24 21:00:00,3248.6243701124763,709.235843262561,5296.963151147419
2045-06-24 22:00:00,3354.173101001013,544.7849552356056,6442.252481125236
2045-06-24 23:00:00,3195.5395672244176,398.35192457133513,6986.264912864702
2045-06-25 00:00:00,2618.643429328309,169.930508948767,3978.352858866188
2045-06-25 01:00:00,2640.425363983487,164.85343992398188,3667.80632768887
2045-06-25 02:00:00,2448.849312196983,158.98623101785606,3222.969404651089
2045-06-25 03:00:00,2579.278487180397,158.1792796496783,2543.1242958575012
2045-06-25 04:00:00,2460.133928946051,165.74444872634476,1754.168243677287
2045-06-25 05:00:00,2677.3409319533066,186.37214307538872,1162.451204542125
2045-06-25 06:00:00,2722.479398949579,251.46622010839496,734.4005804869021
2045-06-25 07:00:00,2856.320202252479,380.47757009581466,415.4608998183043
2045-06-25 08:00:00,2774.5286002340395,525.1908487890266,293.7602321947606
2045-06-25 09:00:00,2865.5053554203246,652.4874271190683,323.13625541423664
2045-06-25 10:00:00,2902.5084010393616,776.522577002725,486.802670494175
2045-06-25 11:00:00,2822.1164414084037,902.5414823331522,872.8875470930042
2045-06-25 12:00:00,2764.3811929248004,1035.4362857799274,1204.4169519985203
2045-06-25 13:00:00,2771.9917484067305,1077.9357245039562,1242.186124709275
2045-06-25 14:00:00,2779.1649156425715,1048.0617123945424,1267.365573183111
2045-06-25 15:00:00,2768.755075385679,1046.3973751976755,1296.7415964025872
2045-06-25 16:00:00,2842.9361219221887,1037.6217790687424,1183.434078270322
2045-06-25 17:00:00,2833.576013455908,945.1586014650404,1128.8786065770091
2045-06-25 18:00:00,2923.328081553146,787.1642481705691,1208.613526744159
2045-06-25 19:00:00,2953.1579599363417,633.9611686246539,1426.8354135174088
2045-06-25 20:00:00,2949.6588539676386,557.8555677133887,2165.432568749952
2045-06-25 21:00:00,2910.381389468944,486.2890682481234,2912.4228734737717
2045-06-25 22:00:00,2817.742558947525,353.4615107486967,3457.977590406898
2045-06-25 23:00:00,2785.9006946323248,231.61185415385455,3911.2076629359576
2045-06-26 00:00:00,2847.905773335933,483.2319323672644,6107.962806159984
2045-06-26 01:00:00,2903.2806743162205,473.2824658550599,6330.785483637926
2045-06-26 02:00:00,2943.049066701045,449.1891498892315,5832.71126339312
2045-06-26 03:00:00,2705.566893736349,454.0175674613306,4600.632929103336
2045-06-26 04:00:00,2878.930760302818,497.6684131888945,3394.7690274580186
2045-06-26 05:00:00,2924.9041500810195,566.3392408809727,2365.8525461628283
2045-06-26 06:00:00,3044.2093272354928,802.6878424404961,1350.0432811898686
2045-06-26 07:00:00,3063.3884100877476,1255.583656324471,707.7896814005136
2045-06-26 08:00:00,2955.083001039716,1712.0398185191857,517.735044728153
2045-06-26 09:00:00,3054.1749291097026,2048.7609793047727,478.4133957614578
2045-06-26 10:00:00,2972.569811875596,2422.4512362484525,550.5030855337324
2045-06-26 11:00:00,2923.8699838487896,2823.746385574032,950.2731833618008
2045-06-26 12:00:00,2979.902990613223,3138.6665094431696,1559.7587423455768
2045-06-26 13:00:00,2965.9887540341356,3112.0370549546224,1992.2968809792249
2045-06-26 14:00:00,2815.0004841286323,3004.0073082657364,2011.957705462572
2045-06-26 15:00:00,2931.2031625864174,3015.85887866998,1828.4566769513272
2045-06-26 16:00:00,2923.775968736769,2988.1076706040753,2025.0649217848031
2045-06-26 17:00:00,3001.2444210419585,2628.1710879566795,2162.6906931682365
2045-06-26 18:00:00,3116.1308879314506,2063.343775810405,1835.0102851124425
2045-06-26 19:00:00,3188.240478851452,1727.0127901821593,1717.0453382123571
2045-06-26 20:00:00,3245.4956820721563,1526.9017063607134,2555.90718283519
2045-06-26 21:00:00,3202.3427456545814,1240.7570003455005,3827.3071660916657
2045-06-26 22:00:00,3175.9244991767187,835.3650118678347,4980.742202448058
2045-06-26 23:00:00,3039.8846320825323,573.7037969757902,5688.531883848572
2045-06-27 00:00:00,2882.8873638070704,731.6873387289917,9957.266622810244
2045-06-27 01:00:00,2843.978367014184,706.8245196120303,9535.348545572522
2045-06-27 02:00:00,2771.2677596422736,678.6419490788837,8185.210698411814
2045-06-27 03:00:00,2800.054845574958,643.8198757133666,6413.154774013377
2045-06-27 04:00:00,2816.95565086447,664.3740812901731,4535.619330305515
2045-06-27 05:00:00,2911.860172874805,735.2896221805981,2847.947021354627
2045-06-27 06:00:00,2916.503251251044,934.05090909858,1582.1927896414595
2045-06-27 07:00:00,2958.198095069674,1327.1942363855353,970.4115776467615
2045-06-27 08:00:00,2997.757122835234,1881.451456870756,770.0004909588437
2045-06-27 09:00:00,2861.993511113993,2459.512001340113,780.548442889787
2045-06-27 10:00:00,2965.998466741756,3022.810246958776,1318.4939913678836
2045-06-27 11:00:00,2919.381959844312,3717.9803201097297,2352.1932806003015
2045-06-27 12:00:00,2978.720501492652,4397.257966268307,3090.5499157663144
2045-06-27 13:00:00,2838.3138113951723,4592.063804690414,2869.042925216512
2045-06-27 14:00:00,2704.2217078893764,4530.330554951141,2837.3990694236836
2045-06-27 15:00:00,2725.3012837175033,4493.883922381953,3217.1253389376334
2045-06-27 16:00:00,2687.0423178972906,4372.748312195624,3438.6323294874387
2045-06-27 17:00:00,2652.12636850797,4120.023406512415,3164.385579282919
2045-06-27 18:00:00,2892.173520559549,3480.72404336577,2837.399069423684
2045-06-27 19:00:00,3116.7127908344887,2944.7607721739946,3712.8790796919575
2045-06-27 20:00:00,3045.1165222728764,2666.1135522410036,5674.798138847365
2045-06-27 21:00:00,3106.033710569137,2192.7311268947615,7299.182736212593
2045-06-27 22:00:00,3001.843031806324,1490.356486840596,8417.26564089256
2045-06-27 23:00:00,2992.8354597564203,917.1696199822338,9408.773122401211
2045-06-28 00:00:00,2809.316262834527,621.70491092426,9094.61450197218
2045-06-28 01:00:00,2728.1845789195677,589.2433176025954,9059.432240842692
2045-06-28 02:00:00,2769.6284694042656,571.1100099778564,7968.782145828628
2045-06-28 03:00:00,2736.9650641917497,556.4844569428207,6227.260219919062
2045-06-28 04:00:00,2683.667518589607,559.5165837915476,4318.622553644437
2045-06-28 05:00:00,2751.8918891544586,612.9652511838124,2673.8518458409526
2045-06-28 06:00:00,2904.4967231849764,786.2126558346006,1512.8372285679068
2045-06-28 07:00:00,2878.5942916320396,1118.0819121011411,914.7387893666412
2045-06-28 08:00:00,2784.467489514253,1532.888755700506,633.2807003307516
2045-06-28 09:00:00,2784.730904072418,2047.9935991783468,615.6895697660085
2045-06-28 10:00:00,2803.433337702165,2569.1032428860217,765.2141795663248
2045-06-28 11:00:00,2830.213817782319,3036.288591460452,1248.9702700967616
2045-06-28 12:00:00,2705.004097801009,3570.83471885072,1873.4554051451416
2045-06-28 13:00:00,2614.477294644816,3856.865351580625,2357.211495675576
2045-06-28 14:00:00,2637.569970910653,3797.1740700880378,2849.7631514883833
2045-06-28 15:00:00,2519.121224588923,3793.4879550954697,3166.403501653758
2045-06-28 16:00:00,2638.623629143315,3666.0791739813176,3210.381328065615
2045-06-28 17:00:00,2570.662673136629,3427.6113153490896,2559.509497170121
2045-06-28 18:00:00,2726.428481865132,3069.2258125230937,2110.9356677691717
2045-06-28 19:00:00,2856.4674687461425,2513.692611062226,2198.8913205928893
2045-06-28 20:00:00,2817.569918990378,2171.4189979618195,3219.1768933479916
2045-06-28 21:00:00,2755.930912379662,1851.5593421549404,4767.196383045381
2045-06-28 22:00:00,2546.428533785408,1369.5106266749856,6403.1715255664885
2045-06-28 23:00:00,2504.106594773492,879.9113208070236,7986.373276393368
2045-06-29 00:00:00,2795.7580272821288,409.1854097705373,9786.018133539284
2045-06-29 01:00:00,2779.3009708696745,397.0984047556536,9153.386658239777
2045-06-29 02:00:00,2664.194031355595,385.01139974076943,7828.814506831428
2045-06-29 03:00:00,2845.221651892597,375.1000556285646,5990.229281742231
2045-06-29 04:00:00,2752.02663580409,393.2305631508906,4082.4499890421457
2045-06-29 05:00:00,2853.357724725721,441.5785832104263,2609.604835610476
2045-06-29 06:00:00,2953.764259916316,558.741951821368,1551.9240878441085
2045-06-29 07:00:00,2972.440245283259,868.8945005032894,929.1774793461536
2045-06-29 08:00:00,3010.1620375095595,1242.1815053796208,691.9406761088381
2045-06-29 09:00:00,2883.128354865105,1529.8119347171423,721.5952765135025
2045-06-29 10:00:00,3026.064361683392,1800.1982369000957,1077.4504813694762
2045-06-29 11:00:00,2988.6199355764024,2123.6062010816736,1888.009559096972
2045-06-29 12:00:00,3040.1175783951508,2446.81271517967,2678.7989032213595
2045-06-29 13:00:00,2970.313771701874,2615.3458551038684,2955.5751736648936
2045-06-29 14:00:00,2749.437885357186,2495.4830553729353,3192.8119769022096
2045-06-29 15:00:00,2776.5273096765636,2490.527383316834,3232.3514441084294
2045-06-29 16:00:00,2699.5119838811997,2529.8907296486373,3004.999507672667
2045-06-29 17:00:00,2702.9328326860364,2320.664672840997,2659.029169618249
2045-06-29 18:00:00,2802.599724891801,1926.7491794059292,2540.410767999591
2045-06-29 19:00:00,2898.4759468003167,1509.183446158407,3103.8481756882184
2045-06-29 20:00:00,3128.4124597091636,1370.9886888215665,4764.505798349429
2045-06-29 21:00:00,2964.581538569446,1217.8866252997034,6583.321289835515
2045-06-29 22:00:00,3019.0377533275127,897.8630225222936,8164.899978084288
2045-06-29 23:00:00,2804.2639216076677,567.8474955992467,9410.393195080203
2045-06-30 00:00:00,2463.629832112085,474.25445679467106,5894.87429494702
2045-06-30 01:00:00,2454.14322803732,449.3394954719958,5611.094788406901
2045-06-30 02:00:00,2335.2719543700327,428.6380937847733,5004.838569889373
2045-06-30 03:00:00,2331.80728157751,426.3023161607724,3960.0140230825696
2045-06-30 04:00:00,2284.209276784988,444.62214066273935,2818.446462682546
2045-06-30 05:00:00,2319.928403431715,489.7805080600882,1921.9612033853516
2045-06-30 06:00:00,2559.485779371896,654.0177347202225,1154.466628879121
2045-06-30 07:00:00,2712.7563043363784,981.3929985703728,644.9534239548165
2045-06-30 08:00:00,2663.4259631475948,1317.424379497702,470.815999487016
2045-06-30 09:00:00,2716.550945966285,1681.4392923517864,503.06367068475686
2045-06-30 10:00:00,2662.3535644260987,2121.527276450288,767.4945745062314
2045-06-30 11:00:00,2723.480291551331,2501.663634866103,1360.8517245446612
2045-06-30 12:00:00,2710.446522474696,2829.680092573824,1863.9153952294184
2045-06-30 13:00:00,2688.091133741986,2968.2695649312045,1883.2639979480632
2045-06-30 14:00:00,2627.5418520821745,2887.8455353675695,1870.364929468965
2045-06-30 15:00:00,2700.877426190584,2912.119302832677,1818.7686555525809
2045-06-30 16:00:00,2636.698487319558,2819.3293917302126,1838.1172582712263
2045-06-30 17:00:00,2653.0319447700244,2526.990792240073,1896.1630664271595
2045-06-30 18:00:00,2735.606646325163,2217.5231568405975,1909.062134906256
2045-06-30 19:00:00,2851.9206615027297,1869.1716939356936,2244.43791536276
2045-06-30 20:00:00,2804.0751800821704,1598.5420864803862,3366.6568730441395
2045-06-30 21:00:00,2787.3292615849746,1281.7923208413763,4463.077693767327
2045-06-30 22:00:00,2695.762909211145,914.2050422094086,5262.819939471297
2045-06-30 23:00:00,2593.472569622363,618.8894712377004,5804.5808155933455
2045-07-01 00:00:00,3084.0231975696825,638.8633119545364,9355.283673097008
2045-07-01 01:00:00,2946.9620688492937,616.5685195011615,8867.01208264309
2045-07-01 02:00:00,2934.5467545295464,588.1124881076803,7656.098538317385
2045-07-01 03:00:00,2898.187619736,594.4007629022221,6054.567721628544
2045-07-01 04:00:00,2977.6062176861324,635.5603797392212,4287.024564185374
2045-07-01 05:00:00,3067.7650478652513,715.8470397422569,2724.5554747328465
2045-07-01 06:00:00,3188.568026881208,1005.996931272216,1601.5308166888417
2045-07-01 07:00:00,3237.539544475768,1532.6875837604853,966.7777490987517
2045-07-01 08:00:00,3161.5696449477887,2071.3196065656616,693.3456584445595
2045-07-01 09:00:00,3207.289532601463,2563.0118811570383,722.6419538717943
2045-07-01 10:00:00,3092.5956765047467,3100.4370633450812,1093.7283626167698
2045-07-01 11:00:00,3106.883141396519,3589.9062104838417,1992.1480890519745
2045-07-01 12:00:00,3134.866865736268,4021.3834900729416,2802.6789292054727
2045-07-01 13:00:00,3188.370958399942,4065.9730749796895,2841.740656441787
2045-07-01 14:00:00,3172.8025483799406,3958.818331763612,2753.8517701600804
2045-07-01 15:00:00,3133.1917836455077,3968.600092555123,2978.4567017688823
2045-07-01 16:00:00,3110.8245110218368,3868.8769468235023,3105.407315286901
2045-07-01 17:00:00,3226.6022437655147,3449.8491809690513,2753.8517701600836
2045-07-01 18:00:00,3202.756957532348,2856.5282228295287,2656.1974520692984
2045-07-01 19:00:00,3413.2260955242605,2380.842465896985,3222.5924969958396
2045-07-01 20:00:00,3384.0599602969164,2038.353802339731,4921.777631775463
2045-07-01 21:00:00,3415.3938488181843,1661.4384222305428,6679.555357409557
2045-07-01 22:00:00,3299.616116074505,1163.2673190629723,7851.407174498955
2045-07-01 23:00:00,3173.9849592675364,802.6760462487049,8827.95035540678
2045-07-02 00:00:00,2913.525459028757,183.94907576296544,6405.5681229390075
2045-07-02 01:00:00,2918.2609360639563,174.96764247602994,6405.568122939012
2045-07-02 02:00:00,2888.0838765259255,167.76098343142294,5895.87775616752
2045-07-02 03:00:00,2697.736270209112,165.98620918909432,4711.1920388067565
2045-07-02 04:00:00,2728.0990347289153,170.43210830119014,3395.639875923584
2045-07-02 05:00:00,2802.566732419688,189.91877094170692,2328.045188767082
2045-07-02 06:00:00,2997.4641107899274,255.6750529706084,1384.4292394739148
2045-07-02 07:00:00,3092.823618930106,361.8746753095429,736.9847195209395
2045-07-02 08:00:00,2999.692570571197,500.5401173743064,523.4657820896394
2045-07-02 09:00:00,3083.352664859708,673.1055401688004,523.4657820896394
2045-07-02 10:00:00,3053.547015285222,840.5617643868944,681.8830582483462
2045-07-02 11:00:00,3157.35610009605,980.5538053802668,1177.7980097016896
2045-07-02 12:00:00,3108.5156898898827,1123.2528252685047,1721.9269147685511
2045-07-02 13:00:00,3059.6752796837154,1160.88162460838,1962.996682836148
2045-07-02 14:00:00,3080.288532660463,1152.7786149363342,2045.6491747450384
2045-07-02 15:00:00,3002.4781452977845,1133.1843902205244,2031.8737594268896
2045-07-02 16:00:00,2943.8882235485607,1078.9910312855825,2093.8631283585582
2045-07-02 17:00:00,2777.9608223348314,1009.398368571243,2155.8524972902255
2045-07-02 18:00:00,2826.0584126139092,888.4985959423145,2011.210636449668
2045-07-02 19:00:00,3160.2345273135243,740.3139102141527,2038.761467085964
2045-07-02 20:00:00,3181.497747726475,609.9666019720204,3003.0405393563533
2045-07-02 21:00:00,3197.6540811406817,492.25783757677334,4201.501672035266
2045-07-02 22:00:00,3054.475540194085,350.9033436296936,5234.6578208963965
2045-07-02 23:00:00,2918.2609360639563,239.2539094759317,6033.631909349003
2045-07-03 00:00:00,3009.4263293936083,541.7335150331827,9333.60878943222
2045-07-03 01:00:00,2959.9342833611627,530.2495595575507,9065.291493637456
2045-07-03 02:00:00,2920.0307159142603,505.6805201986264,7934.525747073803
2045-07-03 03:00:00,2941.047886147217,508.4410864187301,6209.62884553602
2045-07-03 04:00:00,2954.510497494595,555.0394442140833,4340.990535536756
2045-07-03 05:00:00,3014.656408622086,638.7950233320347,2759.8350424604528
2045-07-03 06:00:00,3141.921669848373,896.0797950457153,1581.1554930763011
2045-07-03 07:00:00,3238.581282256162,1373.8785964212923,929.5277747175832
2045-07-03 08:00:00,3238.290722299025,1936.2611467808524,699.5415211792117
2045-07-03 09:00:00,3239.7435220847133,2395.9506337525477,699.5415211792118
2045-07-03 10:00:00,3114.609033877435,2811.360638553777,1044.520901486768
2045-07-03 11:00:00,3104.6331420157094,3242.6715047828047,1811.1417466146725
2045-07-03 12:00:00,3152.09126834819,3598.729335851801,2491.517746665687
2045-07-03 13:00:00,3226.3777640563812,3546.7202682650463,2625.6763945630687
2045-07-03 14:00:00,3168.072065990761,3439.1133970053984,2836.497126973242
2045-07-03 15:00:00,3183.762303676194,3375.4547399698017,3123.979943896206
2045-07-03 16:00:00,3155.674841152889,3326.647929198364,3152.7282255885025
2045-07-03 17:00:00,3313.836311154812,3022.1022637965066,2836.4971269732414
2045-07-03 18:00:00,3345.604199801861,2387.6137237678336,2520.2660283579817
2045-07-03 19:00:00,3463.5715423997435,1945.536649280401,2970.6557748706264
2045-07-03 20:00:00,3422.8931484004743,1649.548739160865,4484.731943998238
2045-07-03 21:00:00,3383.0864342726168,1334.0160202029915,6056.304676510441
2045-07-03 22:00:00,3203.4235274425077,906.9564259529236,7417.056676612463
2045-07-03 23:00:00,3097.6597030444063,634.8750192994869,8662.81554994531
2045-07-04 00:00:00,2507.411759413041,707.3973535370038,5176.767058515654
2045-07-04 01:00:00,2537.577675622532,679.6727541703517,5042.973874100738
2045-07-04 02:00:00,2551.620429720054,648.2375392319001,4487.217569608002
2045-07-04 03:00:00,2562.9759901322477,654.9586542298764,3488.914578204388
2045-07-04 04:00:00,2620.707312533169,700.7462501535898,2351.6725106775884
2045-07-04 05:00:00,2661.88205448578,787.2105941379722,1487.1627036888908
2045-07-04 06:00:00,2742.7579160474324,1041.912847915448,874.8015904052296
2045-07-04 07:00:00,2920.286066613633,1673.417611266968,494.0056039935418
2045-07-04 08:00:00,2875.6439779702764,2314.2339193552702,375.6500947034224
2045-07-04 09:00:00,2881.018365340933,2802.0748496250485,375.6500947034222
2045-07-04 10:00:00,2936.9293307292137,3384.851529241244,545.464521076202
2045-07-04 11:00:00,2920.632801282707,3917.4998928308646,885.0933738217618
2045-07-04 12:00:00,2877.464334982919,4320.766792709442,1162.9715260681292
2045-07-04 13:00:00,2871.136427272307,4537.732786237863,1301.9106021913126
2045-07-04 14:00:00,2907.110149188797,4299.0631921951435,1656.9771300616703
2045-07-04 15:00:00,2906.069945181573,4319.7166184910075,1888.542256933643
2045-07-04 16:00:00,2875.9907126393514,4363.683912436099,1708.4360471443315
2045-07-04 17:00:00,2706.697510463673,3826.4147822853706,1512.892162230222
2045-07-04 18:00:00,2755.413731468655,3219.9741769471366,1322.494169024377
2045-07-04 19:00:00,2929.47453534411,2581.188205681141,1482.0168119806235
2045-07-04 20:00:00,2997.087795813659,2222.798750736969,2192.14986772134
2045-07-04 21:00:00,2996.481010142778,1865.949551313165,2943.4500571281847
2045-07-04 22:00:00,2928.6076986714233,1373.7679009405276,3818.2516475334137
2045-07-04 23:00:00,2694.215062376987,950.89774898452,4754.803938437837
2045-07-05 00:00:00,3051.263332582061,781.9330164918184,7569.720069484878
2045-07-05 01:00:00,3026.230358212687,729.3590783498928,7198.497123646603
2045-07-05 02:00:00,3022.780932610607,702.2755344585978,6375.350591570424
2045-07-05 03:00:00,3051.756107668072,702.3513987272011,5019.5798328567125
2045-07-05 04:00:00,3001.000273808907,736.3385910613757,3478.1976012238633
2045-07-05 05:00:00,3165.390042502282,814.4787877225351,2283.828123309404
2045-07-05 06:00:00,3165.9813726054954,1125.2188319207,1347.7006946737467
2045-07-05 07:00:00,3016.769076561269,1656.2687121421732,782.7962118763681
2045-07-05 08:00:00,3068.2147955408504,2212.5055295398656,581.0446108773045
2045-07-05 09:00:00,3095.4159802886747,2928.5883608842214,629.4649951170799
2045-07-05 10:00:00,3069.988785850491,3709.231684809787,1016.8280690352818
2045-07-05 11:00:00,3089.009904170528,4274.875671514259,1735.0637685919503
2045-07-05 12:00:00,2991.341882123085,4782.6352212745915,2219.2676109897034
2045-07-05 13:00:00,2975.178859301914,4932.998201645871,2138.5669705900773
2045-07-05 14:00:00,3152.3807802315832,4805.546230392716,2372.59882774899
2045-07-05 15:00:00,3146.960254285458,4834.905702342104,2509.789916428354
2045-07-05 16:00:00,3139.0758529092773,4538.731597715726,2469.4395962285416
2045-07-05 17:00:00,3076.887637054649,4135.664738627629,2364.5287637090296
2045-07-05 18:00:00,3200.377073609085,3682.527462261505,2308.0383154292917
2045-07-05 19:00:00,3408.9194900090743,3075.5374491683633,2840.66254206682
2045-07-05 20:00:00,3411.8761405251416,2513.53494735684,4196.433300780531
2045-07-05 21:00:00,3342.493408414748,1929.304214844616,5374.662650615067
2045-07-05 22:00:00,3428.9261585011327,1396.8129135196823,6391.490719650346
2045-07-05 23:00:00,3264.240724756152,973.7178875203732,7295.337892126153
2045-07-06 00:00:00,2828.9714567602036,739.6876491997499,10395.66044089599
2045-07-06 01:00:00,2804.462242432672,707.9816721172814,10656.094522922616
2045-07-06 02:00:00,2843.253141800683,658.5743759910132,9918.197957180524
2045-07-06 03:00:00,2833.2098923206045,664.9724431152779,7986.645182149741
2045-07-06 04:00:00,2970.406208612691,683.1713896020764,5675.292704163471
2045-07-06 05:00:00,2802.066604942011,750.1378255027169,3754.591349217136
2045-07-06 06:00:00,2912.5423492228792,973.5014577742796,2191.986857057402
2045-07-06 07:00:00,2997.034640720423,1463.4512202235524,1171.9533691197992
2045-07-06 08:00:00,3013.0669839271545,1976.0074865118931,835.559346502079
2045-07-06 09:00:00,3032.416363659416,2498.729570564345,813.856506333194
2045-07-06 10:00:00,3066.0474284321576,3234.507289854822,1052.5877481909308
2045-07-06 11:00:00,2958.888720676821,3868.2713833306298,1714.5243733419295
2045-07-06 12:00:00,2878.542724836189,4339.382392580679,2354.7581583240417
2045-07-06 13:00:00,2999.0617185971364,4599.7126349035525,2680.30076085732
2045-07-06 14:00:00,2792.207635268905,4529.476075806062,3179.466084741678
2045-07-06 15:00:00,2826.667959173029,4498.054457262454,3613.5228881193816
2045-07-06 16:00:00,2893.1929694906157,4452.3438221413135,3689.48282871048
2045-07-06 17:00:00,2880.385522905929,3902.892035436377,3537.5629475282844
2045-07-06 18:00:00,2994.823283036736,3496.756952314976,3070.9518838972526
2045-07-06 19:00:00,3193.3847750511395,3027.3520942980645,2994.9919433061546
2045-07-06 20:00:00,3121.4235104278223,2532.710415957666,4275.459513270378
2045-07-06 21:00:00,3157.1737929807628,2035.4384211328452,5859.766845598998
2045-07-06 22:00:00,3087.884585558568,1425.9158930945305,7530.8855386031555
2045-07-06 23:00:00,3102.534830212994,1015.7997904291424,9288.815592282852
2045-07-07 00:00:00,2704.5021014386057,669.7476522200334,5670.855247989678
2045-07-07 01:00:00,2753.2349285058085,622.0457400877268,5728.4858907538
2045-07-07 02:00:00,2676.9094728726805,592.8483280980197,5255.914620087995
2045-07-07 03:00:00,2648.637641142055,570.5020632199326,4195.510793228134
2045-07-07 04:00:00,2593.5372844057933,586.1252398109161,2973.741166628733
2045-07-07 05:00:00,2746.867398836749,645.1603579129115,1965.2049182565847
2045-07-07 06:00:00,2886.953051556061,807.4108885750114,1169.902048111691
2045-07-07 07:00:00,2815.0424164934807,1121.2830674643617,633.93707040535
2045-07-07 08:00:00,2764.526681118941,1616.5505712809934,432.2298207309205
2045-07-07 09:00:00,2875.066996173817,2314.91937078041,420.703692178096
2045-07-07 10:00:00,2929.0636477674425,3027.88687627468,484.0973992186312
2045-07-07 11:00:00,2800.779150034788,3619.0064102417296,806.8289986977184
2045-07-07 12:00:00,2728.868514972207,4081.939060868005,1244.821883705051
2045-07-07 13:00:00,2687.861623903463,4262.18185637464,1584.8426760133752
2045-07-07 14:00:00,2700.5966832415825,4188.355944041018,1803.8391185170412
2045-07-07 15:00:00,2751.282219407297,4084.7563550073646,1924.8634683217
2045-07-07 16:00:00,2854.945602419589,3830.303470693561,1919.1004040452876
2045-07-07 17:00:00,2814.6179145155443,3640.200145699173,1763.4976685821564
2045-07-07 18:00:00,2837.965523302096,3334.971937464671,1567.5534831841378
2045-07-07 19:00:00,2924.988428779245,2826.9625806086715,1452.2921976558923
2045-07-07 20:00:00,2917.262492780785,2270.8031057345593,2109.281525166892
2045-07-07 21:00:00,2851.4646862005015,1653.687630390707,3135.1069663682765
2045-07-07 22:00:00,2781.6765610276093,1145.0379794121263,4149.406279016837
2045-07-07 23:00:00,2802.307357155362,794.476947298869,5094.548820348448
2045-07-08 00:00:00,2845.943512323631,602.1051769340354,5372.8276085155785
2045-07-08 01:00:00,2943.75219892701,581.7720763447054,5239.3412083040075
2045-07-08 02:00:00,2919.074036780317,555.5961307584417,4616.404673983365
2045-07-08 03:00:00,2942.848236943615,555.6545592084111,3593.008939028015
2045-07-08 04:00:00,2858.146999099469,578.9675107461774,2497.308070624736
2045-07-08 05:00:00,2908.316889177911,638.0386736651789,1612.960669223103
2045-07-08 06:00:00,3052.408429331133,891.2675758322931,912.1570681123756
2045-07-08 07:00:00,3135.392139406828,1328.1955247030085,539.5075341884171
2045-07-08 08:00:00,3012.9052906567554,1721.7695636964766,406.0211339768501
2045-07-08 09:00:00,2952.159045372587,2106.6377636445104,417.14500066114726
2045-07-08 10:00:00,3101.6743574261804,2596.3850312875084,639.6223343470931
2045-07-08 11:00:00,3139.369572133767,3079.6467409839074,1067.8912016925378
2045-07-08 12:00:00,3139.731156927125,3574.3019984243306,1412.7310689057515
2045-07-08 13:00:00,3120.2055780857863,3704.8895841058006,1473.9123356693874
2045-07-08 14:00:00,3032.4308694980955,3655.459115431742,1701.951602697481
2045-07-08 15:00:00,2978.645131486071,3736.557803989185,1796.5044695140082
2045-07-08 16:00:00,3081.6967975931425,3632.438306143822,1818.7522028826024
2045-07-08 17:00:00,3075.549856106055,3217.537882911546,1668.58000264459
2045-07-08 18:00:00,2956.5884590912237,2715.0532131752343,1485.0362023536843
2045-07-08 19:00:00,3066.78142486712,2330.185013227201,1779.818669487562
2045-07-08 20:00:00,3026.555116606026,2101.145489347392,2625.232537494153
2045-07-08 21:00:00,3041.741677927068,1776.341735967838,3470.646405500746
2045-07-08 22:00:00,2986.2384121465916,1243.9416998472232,4304.9364068230425
2045-07-08 23:00:00,2917.5373014085444,807.714892376139,5027.987741302368
2045-07-09 00:00:00,2857.4792264102553,216.9635397106484,5426.417872798248
2045-07-09 01:00:00,2734.930895250584,207.27805260286547,4901.61923906534
2045-07-09 02:00:00,2656.13080975472,202.85594824407815,4072.4373977673513
2045-07-09 03:00:00,2647.256926252933,207.23491012131632,3075.319993674829
2045-07-09 04:00:00,2724.8146680585473,217.0066821921975,2020.474739871688
2045-07-09 05:00:00,2711.326365135832,244.0138756419621,1228.0288029350008
2045-07-09 06:00:00,2937.965349771458,351.2229422915868,771.4539915873717
2045-07-09 07:00:00,3014.5469643918746,528.1934016061783,472.3187703596151
2045-07-09 08:00:00,2978.2527808695677,699.706337004803,351.6150846010469
2045-07-09 09:00:00,2969.0239420277107,878.5966367483311,367.35904361303415
2045-07-09 10:00:00,2952.873474054459,1046.7013161045732,540.5425927448929
2045-07-09 11:00:00,3011.352366331231,1165.8608501433102,981.3734450805345
2045-07-09 12:00:00,3066.0154887022363,1326.027312894509,1443.196242765492
2045-07-09 13:00:00,3031.052387705198,1369.3207931290765,1647.8677099213246
2045-07-09 14:00:00,3015.079397401981,1333.2321073132173,1763.3234093425638
2045-07-09 15:00:00,2960.416275030977,1349.6693927834408,1868.2831360891448
2045-07-09 16:00:00,2924.7432633537956,1300.5085350581903,1569.1479148613885
2045-07-09 17:00:00,2992.0960391323547,1179.4075893497418,1259.5167209589745
2045-07-09 18:00:00,3073.114595503665,1000.9487144217046,1259.5167209589742
2045-07-09 19:00:00,3194.509321808104,788.7308476814623,1574.3959011987183
2045-07-09 20:00:00,3168.8637984879415,665.9473451925971,2508.537469243291
2045-07-09 21:00:00,3083.851994540827,587.8594535886452,3568.6307093837604
2045-07-09 22:00:00,2948.081576963494,450.8820746701111,4450.29241405504
2045-07-09 23:00:00,2929.2689439397072,303.8956400321748,5226.994391979742
2045-07-10 00:00:00,3010.019499627225,762.0461512757106,8854.534665750249
2045-07-10 01:00:00,2891.4012495800985,708.8049483627082,8693.217232568559
2045-07-10 02:00:00,2797.995192288088,683.0824778595302,7689.464314993628
2045-07-10 03:00:00,2755.385656192728,675.825579756678,5897.0483907526905
2045-07-10 04:00:00,2769.619846198383,665.55096165066,4140.480784996572
2045-07-10 05:00:00,2935.6853962643586,719.7980712313841,2769.282602952252
2045-07-10 06:00:00,3090.5868757376647,912.2136466713574,1631.0984910592565
2045-07-10 07:00:00,3119.1482896705797,1274.340047051291,878.2838028780611
2045-07-10 08:00:00,3077.18999102646,1716.3641770388615,672.1559715903531
2045-07-10 09:00:00,2905.8215074289647,2396.5007853714915,627.3455734843294
2045-07-10 10:00:00,3017.4622133556713,3147.769365207324,770.738847423605
2045-07-10 11:00:00,3026.021334143385,3671.631187661708,1353.274022801909
2045-07-10 12:00:00,3066.398056120211,4257.212569228466,2186.747427573945
2045-07-10 13:00:00,3033.3710139502277,4688.746529681223,2814.093001058273
2045-07-10 14:00:00,3018.5786204149385,4636.22383153088,2975.410434239958
2045-07-10 15:00:00,2996.994750602441,4617.255305796692,2876.827558406708
2045-07-10 16:00:00,3041.8371008163363,4406.014905575065,2688.62388636141
2045-07-10 17:00:00,2935.4062944995417,4092.387576674588,2634.8514086341816
2045-07-10 18:00:00,3115.333898884751,3883.590092645999,2285.3303034071996
2045-07-10 19:00:00,3217.299076964477,3199.501708118744,2330.140701513223
2045-07-10 20:00:00,3306.8907434706593,2617.1535979839487,3638.6043262091057
2045-07-10 21:00:00,3278.050227772926,2179.6560480011262,5448.944409692456
2045-07-10 22:00:00,3138.406311442937,1662.045216981871,7151.739537721348
2045-07-10 23:00:00,2954.5712823502936,1122.6636916540615,8388.506525447598
2045-07-11 00:00:00,2590.3483880890053,938.3049158772728,7552.276765014469
2045-07-11 01:00:00,2576.932437807532,905.882684584408,7167.741288180737
2045-07-11 02:00:00,2625.90477165708,869.0266438839718,6291.00040099983
2045-07-11 03:00:00,2545.4913764116877,846.1186286115203,4829.7655890316555
2045-07-11 04:00:00,2522.3632658037504,892.0270301857475,3330.0772293801037
2045-07-11 05:00:00,2611.665756941161,1003.1493784630028,2237.9964751723105
2045-07-11 06:00:00,2755.0435814216844,1277.860819673774,1361.2555879914055
2045-07-11 07:00:00,2864.5934576464697,1946.9965560997396,769.0709536674614
2045-07-11 08:00:00,2815.2095915797,2804.4768213181605,546.0403771038975
2045-07-11 09:00:00,2708.869666649254,3547.417010174325,569.1125057139213
2045-07-11 10:00:00,2694.71295837678,4268.55763610993,753.6895345941118
2045-07-11 11:00:00,2634.217722444986,5066.828071531411,1299.729911698008
2045-07-11 12:00:00,2679.5685727829705,5761.181098962941,1968.8216413886987
2045-07-11 13:00:00,2672.984057307401,6030.165536355599,2399.501375442477
2045-07-11 14:00:00,2765.8257255129292,5804.687853774734,2622.5319520060407
2045-07-11 15:00:00,2669.527186682727,5728.019899435477,2430.2642135891747
2045-07-11 16:00:00,2549.771311470808,5719.059909591009,2222.6150560989618
2045-07-11 17:00:00,2568.7017934630703,5270.968046338337,2091.872993975493
2045-07-11 18:00:00,2616.686449991282,4416.905509204918,2045.728736755446
2045-07-11 19:00:00,2701.297473852349,3568.939460006912,2245.687184708986
2045-07-11 20:00:00,2815.703430240368,3126.8517136603264,3399.2936152101743
2045-07-11 21:00:00,2787.0607879216413,2605.6943662120498,4922.05410347175
2045-07-11 22:00:00,2676.687847262409,1850.653572514389,6337.144658219877
2045-07-11 23:00:00,2610.348853846047,1210.337597237635,7321.555478914227
2045-07-12 00:00:00,2768.995394227385,399.2625043682283,8543.1590898903
2045-07-12 01:00:00,2895.7404624676265,377.867854104766,8665.956037794269
2045-07-12 02:00:00,2829.2395239833254,362.1054335267494,7771.29256020822
2045-07-12 03:00:00,2811.8098425257463,360.1106855131541,6227.559500844059
2045-07-12 04:00:00,2826.6474175101466,377.71140328017026,4534.715861882224
2045-07-12 05:00:00,2909.594824651856,422.4954518206898,2920.813118001509
2045-07-12 06:00:00,2904.3212287236656,556.8084847360988,1675.3012178326978
2045-07-12 07:00:00,2960.5431242970867,836.9336861747005,938.5195304088936
2045-07-12 08:00:00,3033.658403437085,1172.598930344776,666.6120029072515
2045-07-12 09:00:00,3064.495532169725,1528.5245562999958,613.9847395198369
2045-07-12 10:00:00,3035.3566800919257,1895.0106129154256,736.7816874238036
2045-07-12 11:00:00,2954.554464514227,2196.999817091277,1341.995216379072
2045-07-12 12:00:00,2972.6098268446417,2452.131999300716,2131.404167190291
2045-07-12 13:00:00,2942.93467687584,2556.171797656857,2517.337432031331
2045-07-12 14:00:00,2977.704656809165,2471.883915905924,2455.938958079348
2045-07-12 15:00:00,2844.1664819495586,2443.9574437155898,2762.9313278392647
2045-07-12 16:00:00,2811.0053956892425,2374.3759394766525,3034.8388553409072
2045-07-12 17:00:00,2727.5216906565306,2174.35356023105,2745.3889067101272
2045-07-12 18:00:00,2776.8610966287542,1901.816223785339,2315.5995890462405
2045-07-12 19:00:00,3000.4973171767683,1548.7458253789905,2280.5147467879647
2045-07-12 20:00:00,3053.322659440508,1273.4314867967057,3473.3993835693655
2045-07-12 21:00:00,3084.070405191314,1015.3267389199484,5139.929390837491
2045-07-12 22:00:00,2952.588038913884,739.112808096239,6420.526133264578
2045-07-12 23:00:00,2748.169159460124,514.3711985645149,7578.3259277877
2045-07-13 00:00:00,2617.7979991470106,750.3893115255489,4266.541056804965
2045-07-13 01:00:00,2698.937064457328,721.8262906775033,4266.5410568049665
2045-07-13 02:00:00,2449.1410111906603,693.119737061377,3653.385455827005
2045-07-13 03:00:00,2593.04803268443,682.6418449914905,2801.7804544687287
2045-07-13 04:00:00,2639.145908363876,693.2632698294573,2005.5297781987415
2045-07-13 05:00:00,2661.259280461028,755.556491176452,1251.8593519966664
2045-07-13 06:00:00,2745.460197292489,1040.0384375122665,664.2519010594555
2045-07-13 07:00:00,2779.6508726119305,1476.5215852454703,404.5123756451813
2045-07-13 08:00:00,2841.3131601905257,1897.144362105765,319.3518755093538
2045-07-13 09:00:00,2821.496176734233,2410.2022416099885,285.2876754550226
2045-07-13 10:00:00,2888.431653043687,3021.7236000175253,387.480275618016
2045-07-13 11:00:00,2847.947171819671,3629.6566392230447,689.8000511002037
2045-07-13 12:00:00,2799.5529074993665,4333.254268354309,1073.0223017114276
2045-07-13 13:00:00,2798.532290325652,4553.21823543788,1264.6334270170398
2045-07-13 14:00:00,2798.8724960502227,4560.753705762116,1285.9235520509974
2045-07-13 15:00:00,2844.800268867384,4649.672255588063,1366.8260271800334
2045-07-13 16:00:00,2841.908520208526,4454.682990150523,1494.5667773837745
2045-07-13 17:00:00,2754.4756489936353,4045.112236432434,1302.955652078163
2045-07-13 18:00:00,2683.0324468336075,3502.1995411674425,992.119826582392
2045-07-13 19:00:00,2938.186740262277,3024.8095545312585,1141.1507018200907
2045-07-13 20:00:00,2987.6016217562965,2733.1509697914116,1788.3705028523796
2045-07-13 21:00:00,2976.885141432293,2329.1062276444286,2605.9113041563246
2045-07-13 22:00:00,2765.6173864733532,1637.3500518798196,3312.743455283695
2045-07-13 23:00:00,2630.470662387301,1032.2876680359122,3849.2546061394096
2045-07-14 00:00:00,2808.552501695567,377.0351020301694,8539.203030945515
2045-07-14 01:00:00,2842.624064354964,361.2127123278471,8785.695489570748
2045-07-14 02:00:00,2978.8143387597074,341.7280616382458,7905.365280194921
2045-07-14 03:00:00,2878.2312467398547,332.76796679558254,6250.344486568367
2045-07-14 04:00:00,2953.860518220431,332.8746345913286,4533.700578285505
2045-07-14 05:00:00,3027.186360112766,359.7549191193188,2957.9095035027785
2045-07-14 06:00:00,3079.68535947809,443.7380303033305,1637.4141894390368
2045-07-14 07:00:00,3105.406989880114,640.8601168419252,924.3467198446176
2045-07-14 08:00:00,3155.41060719151,867.4936268702455,677.8542612193862
2045-07-14 09:00:00,3042.35060490202,1117.9496112818367,625.034448656837
2045-07-14 10:00:00,3219.522730730882,1449.330896732721,783.4938863444859
2045-07-14 11:00:00,3308.492698576687,1787.5033651794347,1338.1019182512548
2045-07-14 12:00:00,3257.529318936857,2106.4400744599543,2042.366085751917
2045-07-14 13:00:00,3196.3924586156295,2303.3843813389713,2438.5146799710387
2045-07-14 14:00:00,3160.401371299365,2279.313015432293,2588.1708155649285
2045-07-14 15:00:00,3273.1734448903258,2284.433069628101,2755.4335553463347
2045-07-14 16:00:00,3231.519759836304,2258.61946305757,3072.352430721633
2045-07-14 17:00:00,3245.1483849000624,2042.6527326038488,2852.269878377676
2045-07-14 18:00:00,3267.222918454037,1835.2549817417244,2297.6618464709068
2045-07-14 19:00:00,3382.2984216332397,1574.9500041895856,2324.0717527521815
2045-07-14 20:00:00,3432.206062711792,1397.7747954554911,3450.89442075324
2045-07-14 21:00:00,3415.5061981970453,1177.7191328315084,5000.275589254695
2045-07-14 22:00:00,3382.1064691675533,834.533277984734,6426.410528443534
2045-07-14 23:00:00,3245.1483849000624,539.1701515640785,7606.053009007136
2045-07-15 00:00:00,2915.0144251152087,775.6375553017958,6548.689203027067
2045-07-15 01:00:00,2942.9453478382843,745.6114192228771,5851.195678444305
2045-07-15 02:00:00,2883.408380981202,730.2597105509485,4830.788485073222
2045-07-15 03:00:00,2963.3422716689506,719.4984637858223,3539.133809919955
2045-07-15 04:00:00,2956.2676629529087,730.8617383420046,2305.6035951485846
2045-07-15 05:00:00,2875.874382088793,807.9212955971748,1485.4028764262596
2045-07-15 06:00:00,2928.7042523709265,1093.5834824532549,923.5330927345876
2045-07-15 07:00:00,2918.597668490866,1586.4937363803688,561.8697836916718
2045-07-15 08:00:00,2972.621953231552,2119.2883314649453,432.7043161763448
2045-07-15 09:00:00,3031.2401397359013,2698.6648268824797,464.9956830551767
2045-07-15 10:00:00,3062.570549764089,3244.1020055792333,703.9517979585316
2045-07-15 11:00:00,3067.2563295630257,3768.167197693496,1246.446761522905
2045-07-15 12:00:00,3054.5771606953135,4490.149026117424,1834.149638717642
2045-07-15 13:00:00,2959.3915161522004,4795.076102287297,2144.1467607544264
2045-07-15 14:00:00,3029.586335100983,4720.5751631441135,2331.43668865165
2045-07-15 15:00:00,2990.3544140392937,4780.401674880307,2144.1467607544264
2045-07-15 16:00:00,2942.485957661917,4649.836897695032,1743.7338114569134
2045-07-15 17:00:00,3065.0512567164674,4311.196265226022,1537.0690634323898
2045-07-15 18:00:00,3170.9866313865527,3705.93257479308,1575.818703686988
2045-07-15 19:00:00,3326.2605109983892,2979.2097775145835,2040.8143867421643
2045-07-15 20:00:00,3327.1792913511213,2673.6806735536543,3229.136687883172
2045-07-15 21:00:00,3182.471385795713,2414.281949082393,4572.457550042572
2045-07-15 22:00:00,3234.7499878662065,1806.1586266419329,5786.612944686644
2045-07-15 23:00:00,3067.2563295630257,1129.780403390498,6587.438843281669
2045-07-16 00:00:00,2923.577698722651,195.18988730347235,7477.579971693388
2045-07-16 01:00:00,2931.371216391578,188.1278805777557,7317.460486218157
2045-07-16 02:00:00,2879.2004922313454,181.1653387354997,6564.8989044845575
2045-07-16 03:00:00,2826.938079627948,182.17988054679984,5155.847432302507
2045-07-16 04:00:00,2987.3011667215287,198.98944585167487,3594.6824489189826
2045-07-16 05:00:00,3084.4909164752144,229.3262353072185,2369.7683850334515
2045-07-16 06:00:00,3201.3019930659643,319.00377423547485,1353.0096522657211
2045-07-16 07:00:00,3184.339631080651,490.9188788091201,760.5675560073578
2045-07-16 08:00:00,3136.8450175217745,699.2978096594942,600.4480705321246
2045-07-16 09:00:00,3151.973610643811,884.3024928965807,616.460019079648
2045-07-16 10:00:00,3175.170786764266,1042.0537980654085,1000.7467842202084
2045-07-16 11:00:00,3189.8409376704826,1183.2342536496665,1673.2486232161878
2045-07-16 12:00:00,3031.3116194401787,1298.911913114576,2097.5652597255544
2045-07-16 13:00:00,2955.118523171016,1290.2982542068703,2017.505516987939
2045-07-16 14:00:00,2904.414814101405,1237.9200465764136,2321.7325393908827
2045-07-16 15:00:00,3092.9262532462885,1212.0591768766058,2529.887870508686
2045-07-16 16:00:00,3026.268755066167,1184.0498656940451,2521.8818962349246
2045-07-16 17:00:00,2985.467397858252,1088.7028284085227,2513.8759219611634
2045-07-16 18:00:00,3033.970584291931,880.940579835606,2265.690719474552
2045-07-16 19:00:00,3193.8752291696924,695.8165387383668,2738.0432016264904
2045-07-16 20:00:00,3118.048886673185,567.9643775378555,4035.011033975876
2045-07-16 21:00:00,3097.969117620301,451.2920692383381,5091.799638112414
2045-07-16 22:00:00,2933.846804357002,320.5355334407714,6132.57629370143
2045-07-16 23:00:00,2829.2302907070452,228.7692319598381,7109.305155100353
2045-07-17 00:00:00,2705.7716593972023,572.777949653569,8594.549729372544
2045-07-17 01:00:00,2719.1831670026404,553.7507742843421,8781.794821515734
2045-07-17 02:00:00,2718.495397381849,534.6690797879829,8163.8860174432
2045-07-17 03:00:00,2725.115179981969,510.5716255954378,6703.374298726299
2045-07-17 04:00:00,2618.167003948857,515.7509426730209,4877.734650330168
2045-07-17 05:00:00,2810.6565265679383,561.6560477185477,3220.6155848629137
2045-07-17 06:00:00,2890.0939177693813,723.3597787934086,1863.0886668247667
2045-07-17 07:00:00,2940.902898505369,1020.5980599195522,1020.4857521804
2045-07-17 08:00:00,2944.943545027521,1372.3554681781493,720.8936047512916
2045-07-17 09:00:00,2905.826647844992,1756.6062762076904,720.8936047512916
2045-07-17 10:00:00,2877.800035797729,2172.8052927368476,1020.4857521804
2045-07-17 11:00:00,2934.369087107848,2684.79441563773,1750.7416115388514
2045-07-17 12:00:00,2903.075569361825,3267.9309994464666,2321.8391425755885
2045-07-17 13:00:00,2913.134200065904,3497.72912030976,2284.3901241469503
2045-07-17 14:00:00,2849.51551014267,3475.3217590583245,2396.737179432866
2045-07-17 15:00:00,2790.797178767577,3519.2641755270834,2846.125400576528
2045-07-17 16:00:00,2815.213000305683,3428.6533862329434,3192.528821041434
2045-07-17 17:00:00,2830.2579607605016,3186.152308747784,3108.2685295769975
2045-07-17 18:00:00,2964.8888640304804,2729.1184659964165,2799.3141275407306
2045-07-17 19:00:00,2977.3546884073303,2318.3168430533688,2939.7479466481245
2045-07-17 20:00:00,2954.486348516006,2165.281653192568,4231.739082436154
2045-07-17 21:00:00,2878.143920608125,1872.2413448556251,5542.454727438503
2045-07-17 22:00:00,2738.6986299926048,1311.2395266626684,6572.302734226063
2045-07-17 23:00:00,2750.648627153861,787.0381192841164,7714.497796299537
2045-07-18 00:00:00,2850.333443240307,723.9458950463097,5567.852964011038
2045-07-18 01:00:00,2819.112532108519,699.4303587207552,5721.85740769645
2045-07-18 02:00:00,2763.276873649642,664.5185491110116,5283.53706797643
2045-07-18 03:00:00,2662.012527109149,664.4483040212536,4312.124423191528
2045-07-18 04:00:00,2758.118636158303,689.0340854365658,3091.935369376343
2045-07-18 05:00:00,2762.824396676717,760.6138319000038,1984.288024408189
2045-07-18 06:00:00,2851.328892580741,1044.4039945224656,1119.4938406362623
2045-07-18 07:00:00,2920.738860227352,1547.639817549029,627.8642704097558
2045-07-18 08:00:00,3046.3464679111803,2038.4422596884192,456.0900832221813
2045-07-18 09:00:00,3005.7140357425646,2527.9100451224076,450.1668353881269
2045-07-18 10:00:00,3014.7635752010533,3137.496934042636,663.4037574140815
2045-07-18 11:00:00,2842.1888577276673,3728.468874176984,1101.724097134098
2045-07-18 12:00:00,3014.9445659902226,4306.024002167549,1386.0399931687043
2045-07-18 13:00:00,3002.999173905017,4474.963443035625,1320.8842669941075
2045-07-18 14:00:00,2951.0548174132896,4425.4406547562085,1528.197941186008
2045-07-18 15:00:00,2911.146348401353,4473.347805971189,1942.8252895698088
2045-07-18 16:00:00,2888.7939859388853,4364.257181576962,2144.215715927656
2045-07-18 17:00:00,2883.545253052962,3885.326159606676,1990.2112722422444
2045-07-18 18:00:00,3013.677630466035,3314.795540591918,1699.9721283735837
2045-07-18 19:00:00,3120.462196076206,2843.4509883155015,1836.2068285568312
2045-07-18 20:00:00,3137.656321047335,2514.4932329786243,2618.0755426519977
2045-07-18 21:00:00,3014.4920890172993,2108.406369087424,3340.7117784066227
2045-07-18 22:00:00,2870.7854024164917,1473.461002764545,4015.962031488813
2045-07-18 23:00:00,2795.2217479381084,974.5803753029796,4880.756215260742
2045-07-19 00:00:00,2854.1170663907787,845.6615670507842,5147.380052635581
2045-07-19 01:00:00,2836.7567063389647,812.1161828992989,4989.161403476703
2045-07-19 02:00:00,2629.263466783508,770.456329264786,4345.738896897255
2045-07-19 03:00:00,2677.7431956516048,791.0352931083406,3406.9749118878963
2045-07-19 04:00:00,2642.4684215037705,832.9461097165556,2394.375557271059
2045-07-19 05:00:00,2700.8287808268897,933.7495708201462,1513.6250769532908
2045-07-19 06:00:00,2874.34003900433,1342.48460065595,870.2025703738427
2045-07-19 07:00:00,2954.77021775502,1995.6575668773887,511.5736322803803
2045-07-19 08:00:00,2917.648596793162,2639.042977124454,384.99871295327614
2045-07-19 09:00:00,2909.4301284707612,3326.765179392185,379.7247579813134
2045-07-19 10:00:00,2789.939139603489,4106.2561757102385,559.0392270280444
2045-07-19 11:00:00,2847.283733178895,4709.905781787839,991.5035347289844
2045-07-19 12:00:00,2724.4684200463807,5274.823435590781,1397.5980675701117
2045-07-19 13:00:00,2698.981934012867,5323.0083265415415,1481.9813471215143
2045-07-19 14:00:00,2773.409860617985,5267.461855028857,1534.7208968411412
2045-07-19 15:00:00,2748.292743947275,5263.530101774197,1708.7614109159092
2045-07-19 16:00:00,2669.063015625698,5052.470240890912,1735.1311857757223
2045-07-19 17:00:00,2763.806257185066,4490.731451421526,1550.542761757029
2045-07-19 18:00:00,2767.7769778352153,3833.7103862699937,1376.5022476822598
2045-07-19 19:00:00,2978.132829952408,3250.8070526850806,1613.830221420581
2045-07-19 20:00:00,3018.9481445423107,2681.455719680072,2468.210926878536
2045-07-19 21:00:00,2947.47517283963,2169.574907652793,3375.331182056119
2045-07-19 22:00:00,2857.4413906560203,1529.953942011257,4103.136968186969
2045-07-19 23:00:00,2764.544995910676,1095.6206888578618,4767.65529465427
2045-07-20 00:00:00,2775.9908984235753,382.24136096311616,12110.966157972696
2045-07-20 01:00:00,2859.7785706640584,369.0410606488347,12323.906222288697
2045-07-20 02:00:00,2773.5676731974877,348.3895879508471,11578.615997182678
2045-07-20 03:00:00,2748.776215115209,353.91177662100495,9502.450370101646
2045-07-20 04:00:00,2726.407982259017,380.3502004596371,6854.008320171357
2045-07-20 05:00:00,2690.898412599814,426.2675774841003,4604.8288908335735
2045-07-20 06:00:00,2817.278928237294,596.8502548978797,2688.3683119895422
2045-07-20 07:00:00,2938.719792452367,924.0966684198348,1477.2716961922729
2045-07-20 08:00:00,3037.4196199303115,1236.062505073682,1011.4653055010156
2045-07-20 09:00:00,2832.750289296161,1502.9430753245972,1064.7003215800166
2045-07-20 10:00:00,2846.264429980109,1841.006926926452,1530.5067122712749
2045-07-20 11:00:00,2800.782356505854,2152.632354689672,2528.663263752541
2045-07-20 12:00:00,2795.749504113211,2391.372456648823,3220.7184727795516
2045-07-20 13:00:00,2908.9886829476795,2421.593201494413,3140.865948661049
2045-07-20 14:00:00,2847.755645503856,2350.674682613962,3580.0548313128083
2045-07-20 15:00:00,2744.8617743653754,2370.267105430001,4019.243713964566
2045-07-20 16:00:00,2663.590528321214,2326.619121009712,4445.123842596572
2045-07-20 17:00:00,2746.073386978419,2028.572225661468,4378.580072497817
2045-07-20 18:00:00,2753.715866537618,1682.6033231550737,4099.096238083065
2045-07-20 19:00:00,2816.5333204754215,1433.7644241073456,4338.653810438569
2045-07-20 20:00:00,2858.846560961717,1235.9112122334031,6068.7918330060975
2045-07-20 21:00:00,2927.9084799052075,988.4339487481795,7798.929855573626
2045-07-20 22:00:00,2820.3545602550207,678.9644439589252,9369.362829904152
2045-07-20 23:00:00,2583.251291979393,476.1185683557993,11019.64832835317
2045-07-21 00:00:00,2746.2699519088637,499.5688421632372,8182.543453098629
2045-07-21 01:00:00,2645.868890288708,479.5499641856202,7833.288549612714
2045-07-21 02:00:00,2652.8425130273113,466.85628967851,6752.261467394401
2045-07-21 03:00:00,2696.881418266979,469.5154388835566,5188.929994647913
2045-07-21 04:00:00,2682.5520564753297,507.09473613978486,3592.3361501408617
2045-07-21 05:00:00,2733.564584453601,575.881407085431,2286.7880585387434
2045-07-21 06:00:00,2978.310083854968,796.2395827187479,1322.1792774824005
2045-07-21 07:00:00,3071.6419936579096,1251.3053051673332,765.0345504929608
2045-07-21 08:00:00,3226.303571929109,1728.3968106539478,607.0382846302839
2045-07-21 09:00:00,3090.0791058298314,2125.5633221096255,590.4070987500021
2045-07-21 10:00:00,3164.5917871464067,2497.6936929366525,881.452851654934
2045-07-21 11:00:00,3007.828569145765,2831.793212868862,1563.3314727464883
2045-07-21 12:00:00,2952.51723263,3152.9481951614084,2228.5789079577585
2045-07-21 13:00:00,2987.958520794679,3234.779748999737,2436.4687314612806
2045-07-21 14:00:00,2975.348682418028,3069.7118077807913,2552.8870326232527
2045-07-21 15:00:00,3088.168524257612,3090.3327572765315,2727.514484366212
2045-07-21 16:00:00,2896.0595471709025,3051.9005253696287,2602.7805902640985
2045-07-21 17:00:00,2897.110367035624,2752.821498741622,2394.8907667605745
2045-07-21 18:00:00,2993.5947364327285,2252.0986861686483,2112.160606795784
2045-07-21 19:00:00,3079.666436261233,1751.9779451137972,2527.9402538028285
2045-07-21 20:00:00,3209.490454093574,1511.9019272619255,3941.59105362678
2045-07-21 21:00:00,3293.5560432712487,1285.4226911943506,5421.76659697186
2045-07-21 22:00:00,3013.369255705203,958.94941049171,6685.736723873272
2045-07-21 23:00:00,2920.419462216706,644.9189411636283,7750.132620211308
2045-07-22 00:00:00,2502.691052967072,743.1772614607146,7841.47757543387
2045-07-22 01:00:00,2555.9321447938833,720.7910689741258,7414.830577896192
2045-07-22 02:00:00,2466.717342273281,698.626521957701,6282.009239606496
2045-07-22 03:00:00,2466.267670889608,713.4028866353175,4693.116972914455
2045-07-22 04:00:00,2593.1649353619573,736.0107245920702,3096.868723506248
2045-07-22 05:00:00,2706.841861154338,828.9540584142773,1905.1995234872168
2045-07-22 06:00:00,2738.049055181202,1163.3431910687357,1125.4653555735297
2045-07-22 07:00:00,2927.180839153811,1738.8825952618924,684.1063926035176
2045-07-22 08:00:00,2920.705571228929,2339.2462921134443,507.5628074155126
2045-07-22 09:00:00,2894.3548281457256,2914.342405366273,500.2068246993459
2045-07-22 10:00:00,2993.732203937325,3454.787943450093,647.3264790226835
2045-07-22 11:00:00,2840.4841963817744,3888.9914195018496,1081.3294592765278
2045-07-22 12:00:00,2833.649191349953,4473.4705243249655,1684.5200420022113
2045-07-22 13:00:00,2863.3275026723313,4673.61638388328,2236.218745714725
2045-07-22 14:00:00,2867.824216509055,4595.449414738687,2692.289674117069
2045-07-22 15:00:00,2962.1652728035237,4590.794859865238,2751.1375358464047
2045-07-22 16:00:00,2866.5651366347724,4524.670627932904,2383.3384000380624
2045-07-22 17:00:00,2891.926602673896,4105.095752911988,1883.131575338716
2045-07-22 18:00:00,2854.334074998884,3479.3905906383216,1633.0281629890426
2045-07-22 19:00:00,3019.993012743793,2751.728512089105,1853.7076444740487
2045-07-22 20:00:00,3024.129989473579,2344.1224924570565,2883.5452247374083
2045-07-22 21:00:00,2961.355864312913,2146.8580240108795,4354.741767970777
2045-07-22 22:00:00,2899.9307533032643,1631.9017149959498,5943.63403466282
2045-07-22 23:00:00,2669.0694649258576,1098.1794228404478,7297.134854437521
2045-07-23 00:00:00,2673.627339233756,372.3680505510853,4564.997661547443
2045-07-23 01:00:00,2700.23059634056,363.25490890830827,4564.997661547443
2045-07-23 02:00:00,2549.5731438598314,336.38747936386557,4134.337504797685
2045-07-23 03:00:00,2658.250279274859,336.2059426777546,3292.1576427092673
2045-07-23 04:00:00,2651.929647267214,359.58786784886405,2311.209507890372
2045-07-23 05:00:00,2779.474340914017,398.29148932775024,1492.9552100658302
2045-07-23 06:00:00,2927.96202419809,553.8321219877391,846.9649749411924
2045-07-23 07:00:00,2903.245522914465,834.1247653432757,483.296398130285
2045-07-23 08:00:00,2971.451745922333,1099.0230977165909,358.88346395813227
2045-07-23 09:00:00,2884.3779646826893,1328.0134735771298,363.6685768109074
2045-07-23 10:00:00,2861.925570386876,1672.0981084321056,550.2879780691362
2045-07-23 11:00:00,2874.378158819848,2047.0802872631896,904.3863291744937
2045-07-23 12:00:00,2949.282364999997,2314.629055253728,1148.4270846660236
2045-07-23 13:00:00,2766.927414689886,2316.2991927659486,1148.4270846660236
2045-07-23 14:00:00,2867.208486691773,2295.930776584285,1373.327388746453
2045-07-23 15:00:00,2795.417427619867,2316.1176560798376,1579.0872414157825
2045-07-23 16:00:00,2901.07575371781,2261.366191548731,1636.5085956490836
2045-07-23 17:00:00,2924.56586371637,1958.3088477548629,1521.6658871824811
2045-07-23 18:00:00,2901.736118255922,1611.2470112476658,1330.2613730714772
2045-07-23 19:00:00,3057.7708248327062,1477.3092442348964,1512.095661476931
2045-07-23 20:00:00,3130.8826129808367,1319.2270979693524,2182.0114608654444
2045-07-23 21:00:00,3052.299232945491,1016.7869789082628,2813.646357431757
2045-07-23 22:00:00,3039.091942183249,636.8306948777342,3464.421705409172
2045-07-23 23:00:00,2918.8112584556793,436.0148127016365,4153.477956208786
2045-07-24 00:00:00,2709.026863797424,719.815851498548,7646.410868355093
2045-07-24 01:00:00,2654.898319634222,691.1892517173371,7492.868481440339
2045-07-24 02:00:00,2560.939337313193,676.5896858289193,6740.510785558007
2045-07-24 03:00:00,2624.5380555838497,676.8759518267312,5174.378439027445
2045-07-24 04:00:00,2618.967364932405,709.2240095794998,3577.537615113928
2045-07-24 05:00:00,2658.055044336707,800.5428628815625,2441.323951944699
2045-07-24 06:00:00,2918.2062977591613,1087.810791686015,1481.684033727442
2045-07-24 07:00:00,3034.448042685969,1658.0526593277366,783.06617326528
2045-07-24 08:00:00,3048.931838379724,2294.851371460772,568.1068315846155
2045-07-24 09:00:00,2902.144139714164,2883.628962460826,552.7525928931398
2045-07-24 10:00:00,3015.693384159439,3397.6911280319223,637.2009056962577
2045-07-24 11:00:00,2965.092944075486,3845.768981107328,1059.44246971185
2045-07-24 12:00:00,2977.998377417999,4385.022554485886,1727.351852791059
2045-07-24 13:00:00,2987.097172148691,4601.010249835125,2379.9069971787935
2045-07-24 14:00:00,2778.66049694048,4426.888956665909,2725.3773677370064
2045-07-24 15:00:00,2898.523190790725,4429.680050144575,2541.1265034392923
2045-07-24 16:00:00,2871.876720507983,4370.065156100205,2241.7188489555083
2045-07-24 17:00:00,2835.760076117785,4020.1765402743536,2203.3332522268183
2045-07-24 18:00:00,2981.6193263414366,3384.0219266363933,2003.7281492376287
2045-07-24 19:00:00,3122.6506446671724,2611.747831038777,1919.2798364345103
2045-07-24 20:00:00,3089.412190446887,2248.9056788119283,2901.95111268898
2045-07-24 21:00:00,3064.344082515387,2004.0051176836696,4437.374981836592
2045-07-24 22:00:00,2914.399659147341,1532.3818862882192,6064.924283133057
2045-07-24 23:00:00,2919.784660110405,1008.4435437926064,7277.909139759665
2045-07-25 00:00:00,3121.399927928898,660.9740028927101,8902.530399586962
2045-07-25 01:00:00,3027.3794059114807,632.5662927046418,8287.314884168354
2045-07-25 02:00:00,2980.5726525261853,613.223514756362,7038.789279348228
2045-07-25 03:00:00,2958.4920753857314,616.415392305583,5392.183046904299
2045-07-25 04:00:00,3045.2880767719407,623.373685362885,3691.293092511669
2045-07-25 05:00:00,3210.23100554925,685.8706477766344,2352.294617777045
2045-07-25 06:00:00,3322.363706050542,907.8976501004544,1384.2349096918756
2045-07-25 07:00:00,3440.906896689386,1367.5280171882955,859.492264187766
2045-07-25 08:00:00,3366.626614143158,1818.5403148932412,624.2628024100616
2045-07-25 09:00:00,3377.717779619238,2269.9356379040933,669.4992373673126
2045-07-25 10:00:00,3355.942463913906,2777.7633559851724,1022.3434300338693
2045-07-25 11:00:00,3305.981342365689,3198.069791666609,1791.3628243071337
2045-07-25 12:00:00,3307.609403353005,3726.836226470579,2515.145783623147
2045-07-25 13:00:00,3251.2377916672363,4079.602533210498,2705.1388104436005
2045-07-25 14:00:00,3148.9752109015385,3974.334411637185,2895.1318372640535
2045-07-25 15:00:00,3102.9824880099018,4029.234705483788,2877.0372632811527
2045-07-25 16:00:00,3016.898763305642,4002.742121825253,2777.517106375201
2045-07-25 17:00:00,3238.722072827255,3600.6293881743777,2406.5783397257446
2045-07-25 18:00:00,3334.981178702231,3183.5148300421606,2343.2473307855944
2045-07-25 19:00:00,3517.222255469757,2541.181392036901,2949.4155592127563
2045-07-25 20:00:00,3562.197440244323,2225.185514664012,4487.454347759284
2045-07-25 21:00:00,3251.034284043822,2030.2256339575852,6152.155154186114
2045-07-25 22:00:00,3326.8408737656573,1563.0624358535824,7545.437350869443
2045-07-25 23:00:00,3063.7055166909367,1021.7200035056808,8576.82806789476
2045-07-26 00:00:00,2787.477275601858,348.0888254314657,12160.24410815426
2045-07-26 01:00:00,2781.164885341403,330.9584698492086,11889.46944177834
2045-07-26 02:00:00,2797.317178066684,320.54321365519615,10437.132594853038
2045-07-26 03:00:00,2632.638055683652,320.6459957886897,8295.551142607246
2045-07-26 04:00:00,2815.790202505367,334.2817588321664,5858.579145224113
2045-07-26 05:00:00,2916.50995886703,374.4010516058127,3655.4579960747087
2045-07-26 06:00:00,2970.815080960645,523.366623749121,2129.273512865069
2045-07-26 07:00:00,2986.596056611781,761.0674378085215,1243.101877453017
2045-07-26 08:00:00,3032.639373805684,1031.1446239183886,898.4795747927748
2045-07-26 09:00:00,3065.036788524782,1348.5015914352848,873.8636960313288
2045-07-26 10:00:00,3051.9478616611927,1649.1393319038984,1206.1780593108483
2045-07-26 11:00:00,3016.487081080404,1887.354056630767,2166.197331007236
2045-07-26 12:00:00,2982.140251722049,2150.2022326849205,3138.5245420843476
2045-07-26 13:00:00,2958.561617513881,2202.963727878272,3409.2992084602515
2045-07-26 14:00:00,2945.7511784559,2167.092763289025,3495.454784125314
2045-07-26 15:00:00,2891.5388856308205,2159.658188966326,4110.8517531614625
2045-07-26 16:00:00,2863.4116172643835,2051.7712095092697,4209.315268207245
2045-07-26 17:00:00,2917.7167393579994,1899.722173361156,3618.534177932545
2045-07-26 18:00:00,2995.971812733927,1638.1759043312532,3200.064238987965
2045-07-26 19:00:00,3177.917179064673,1339.6965886660053,3544.6865416482065
2045-07-26 20:00:00,3068.285812923545,1114.3296306258296,5415.493327518091
2045-07-26 21:00:00,3103.3752764301894,915.8915915609624,7581.690658525325
2045-07-26 22:00:00,3014.723324978218,667.2616106400814,9255.570414303644
2045-07-26 23:00:00,2655.7525435491393,452.1386052380957,10978.681927604852
2045-07-27 00:00:00,3067.6528774844674,1015.6954026075816,7421.760016977552
2045-07-27 01:00:00,3037.791403329536,961.0010350916984,7615.371147855226
2045-07-27 02:00:00,3065.709836357946,945.202662024953,7163.611842473983
2045-07-27 03:00:00,3021.940278350035,945.7026105397237,5824.468187236731
2045-07-27 04:00:00,2862.406375330541,980.8989859795608,4211.0420965894355
2045-07-27 05:00:00,3022.6561356071743,1098.486876653563,2855.764180445708
2045-07-27 06:00:00,3003.2257243419785,1506.4448647062245,1677.9631342731846
2045-07-27 07:00:00,3167.361566871651,2244.3688725073616,879.3172194027748
2045-07-27 08:00:00,3287.216524781169,3060.484828018592,629.2361753524443
2045-07-27 09:00:00,3214.301349875463,3963.491835396922,621.169044899208
2045-07-27 10:00:00,3156.0101160798786,4765.709222197535,830.9144366833561
2045-07-27 11:00:00,3299.2838328300786,5359.248098932976,1395.6135684099092
2045-07-27 12:00:00,3240.2767417773553,6121.069645740138,1903.8427869638065
2045-07-27 13:00:00,3298.465710250492,6444.836303905459,2040.9840046688255
2045-07-27 14:00:00,3240.2767417773553,6234.557958593023,2234.5951355465018
2045-07-27 15:00:00,3145.78358383504,6259.555384331543,2468.5419186903596
2045-07-27 16:00:00,3167.361566871651,6033.578655655314,2613.750266848617
2045-07-27 17:00:00,3127.171295149432,5599.9233139434555,2686.354440927744
2045-07-27 18:00:00,3270.240481254735,4861.899316439362,2420.1391359709405
2045-07-27 19:00:00,3483.3614132371868,3782.510473050032,2404.004875064467
2045-07-27 20:00:00,3444.6028560292457,3175.972934930559,3452.7318339852072
2045-07-27 21:00:00,3448.79573424963,2763.6153999479193,4630.532880157732
2045-07-27 22:00:00,3201.415919246965,2140.9795196528394,5711.528360891419
2045-07-27 23:00:00,3094.4463919659456,1418.753895215492,6776.389580718634
2045-07-28 00:00:00,2805.7495215890776,350.6270276645353,8669.054585344356
2045-07-28 01:00:00,2846.226351555537,340.3872340302712,8742.991085006142
2045-07-28 02:00:00,2857.915364505278,323.3438191222341,7985.141963472838
2045-07-28 03:00:00,2733.779979047284,319.87328503813796,6395.507220744452
2045-07-28 04:00:00,2741.701458897521,340.4559574774809,4630.27329131932
2045-07-28 05:00:00,2871.633049123982,379.49087549266255,3105.332985794994
2045-07-28 06:00:00,2910.0812074214778,498.1762688240331,1802.202179256023
2045-07-28 07:00:00,3087.348469923749,782.7600637199253,988.9006829763816
2045-07-28 08:00:00,3113.624598207464,1075.0752464269242,702.3967467869627
2045-07-28 09:00:00,3217.1834567374012,1291.0730410074095,693.1546843292397
2045-07-28 10:00:00,3169.364767397551,1563.905126430421,914.9641833145956
2045-07-28 11:00:00,3066.675339582884,1871.923616824864,1580.3926802706658
2045-07-28 12:00:00,3000.502001809557,2120.1870698703633,2292.0314895153524
2045-07-28 13:00:00,2936.93695618204,2217.224577330637,2560.051300789324
2045-07-28 14:00:00,2890.1809043830754,2128.193351470308,2661.7139878242797
2045-07-28 15:00:00,3035.8588508972034,2149.119641145701,2763.3766748592348
2045-07-28 16:00:00,3099.6171033503365,2164.7542253859356,2985.1861738445923
2045-07-28 17:00:00,3003.593311019406,1910.065130026319,2929.733799098253
2045-07-28 18:00:00,3109.084237805498,1578.3714120680895,2633.9878004511097
2045-07-28 19:00:00,3259.978768611246,1315.847843726551,2717.1663625706187
2045-07-28 20:00:00,3442.7524256435604,1194.1729804415531,3992.570981736419
2045-07-28 21:00:00,3327.214743925459,999.926156902978,5563.721599549361
2045-07-28 22:00:00,3212.160079271397,698.3676705462583,6894.5785934615005
2045-07-28 23:00:00,3117.4887347197746,457.59507324663053,7985.141963472844
2045-07-29 00:00:00,2919.314225064845,782.5699373527102,8672.66344030165
2045-07-29 01:00:00,2849.550158679965,749.0258535411475,8542.66634376608
2045-07-29 02:00:00,2859.475940482692,711.4955893663273,7669.828695598677
2045-07-29 03:00:00,2932.6431320570778,692.8432737042922,5979.866440636259
2045-07-29 04:00:00,2926.87672548597,726.2369356153542,4299.189692569234
2045-07-29 05:00:00,2841.2314082167272,796.7848069499859,2962.076699631937
2045-07-29 06:00:00,2964.5001650810673,1055.8113196114691,1736.38978943941
2045-07-29 07:00:00,3060.260326663565,1563.786077600918,928.5506895397916
2045-07-29 08:00:00,3139.004862298531,2097.5581915261632,705.6985240502408
2045-07-29 09:00:00,3193.738459096425,2647.2750269044386,687.1275102594451
2045-07-29 10:00:00,3091.0775158796505,3338.61408160373,928.5506895397914
2045-07-29 11:00:00,3043.150169460769,4069.138041383343,1643.5347204854318
2045-07-29 12:00:00,3083.515015458525,4687.372052439498,2469.944834175848
2045-07-29 13:00:00,2973.102509310097,4865.99805928358,2850.650616887162
2045-07-29 14:00:00,3107.904079316654,4765.2153859483915,2850.650616887162
2045-07-29 15:00:00,3042.5829819291853,4825.233724248003,2664.9404789792025
2045-07-29 16:00:00,3096.2767349191736,4670.073533881965,2683.5114927699983
2045-07-29 17:00:00,3050.996263647686,4202.035790475344,2850.6506168871624
2045-07-29 18:00:00,3032.3736063606652,3587.9383816829463,2599.9419307114167
2045-07-29 19:00:00,3106.391579232429,3123.435552938081,2785.6520686193744
2045-07-29 20:00:00,3014.6962616262867,2799.878044961976,4252.762158092246
2045-07-29 21:00:00,2976.600165754868,2220.227251384145,5998.43745442705
2045-07-29 22:00:00,3027.741574852727,1497.6756523310446,7465.547543899926
2045-07-29 23:00:00,2992.859541660286,965.4077574108014,8394.098233439716
2045-07-30 00:00:00,2520.0020877446977,280.8706198698867,5008.572744197134
2045-07-30 01:00:00,2655.6356530525136,266.3189785487247,4677.427438795672
2045-07-30 02:00:00,2537.043228001321,250.38400020982897,4004.788537198948
2045-07-30 03:00:00,2600.251947218489,243.68013620081103,3042.397493375944
2045-07-30 04:00:00,2650.245088277459,246.2605917915838,2080.0064495529423
2045-07-30 05:00:00,2720.7571533188943,267.62250766158945,1355.6260939872411
2045-07-30 06:00:00,2859.086001014237,343.1207856679106,801.9925365191691
2045-07-30 07:00:00,2810.3100842593108,473.2608758747192,460.4989403239099
2045-07-30 08:00:00,2871.866856206704,643.5975475006787,372.5384685766462
2045-07-30 09:00:00,2835.9587392373915,878.8446484203043,377.712613973544
2045-07-30 10:00:00,2940.031417233196,1162.721366040267,595.0267206432549
2045-07-30 11:00:00,2872.649357545018,1424.6509098211832,1055.5256609671662
2045-07-30 12:00:00,2702.846567130811,1649.7358041874556,1469.4572927189947
2045-07-30 13:00:00,2753.274431155512,1733.1616674107909,1562.5919098631568
2045-07-30 14:00:00,2724.4088262310283,1737.8171285281635,1629.855800022828
2045-07-30 15:00:00,2804.1370181459424,1718.3972050099767,1640.2040908166248
2045-07-30 16:00:00,2886.1257694826536,1636.1152550897684,1490.1538743065862
2045-07-30 17:00:00,2762.403613435845,1506.214588597568,1443.5865657345057
2045-07-30 18:00:00,2798.0508966257203,1364.5289548196724,1355.626093987241
2045-07-30 19:00:00,3079.2297108599987,1205.019555620975,1697.1196901825008
2045-07-30 20:00:00,2970.8967478000386,1018.9607267357708,2649.162443211709
2045-07-30 21:00:00,2999.1537405725007,789.0607554423858,3570.160323859528
2045-07-30 22:00:00,2829.003171785709,532.9837913518828,4346.2821333942065
2045-07-30 23:00:00,2787.356711668757,359.0025587368935,4925.786417846768
2045-07-31 00:00:00,2763.495173318708,636.1352612570156,8782.316751224684
2045-07-31 01:00:00,2692.1516106175145,620.7628155996982,8898.127521570503
2045-07-31 02:00:00,2617.8997752966543,593.2282342215316,8415.582645129583
2045-07-31 03:00:00,2542.193803665961,587.1780347258807,6852.137245461017
2045-07-31 04:00:00,2548.010348905295,611.8109898153166,4931.608637226165
2045-07-31 05:00:00,2721.5978708916377,674.6589804946294,3397.1159301440525
2045-07-31 06:00:00,2797.3038425223303,916.9139072388576,2036.339378580668
2045-07-31 07:00:00,2766.4034459383747,1387.2243129313997,1061.5987281700168
2045-07-31 08:00:00,2851.5613035829833,1824.1351479387663,743.119109719012
2045-07-31 09:00:00,2767.0396305739264,2179.8621835912254,762.4209047766486
2045-07-31 10:00:00,2931.4479171044472,2643.1346021153563,1032.646035583562
2045-07-31 11:00:00,2945.6257461253213,3181.170200121459,1727.51065765848
2045-07-31 12:00:00,2920.6327783000625,3732.293984791623,2325.8663044452164
2045-07-31 13:00:00,2892.7315378551366,3915.5285980884814,2470.6297673774925
2045-07-31 14:00:00,2899.2751512493874,3839.654157474655,2731.2040006555867
2045-07-31 15:00:00,2824.568898331704,3929.789782613944,2895.269258645498
2045-07-31 16:00:00,2903.1831425820637,3901.1439401039224,2991.7782339336813
2045-07-31 17:00:00,2937.446229382509,3453.3057039666564,3146.192594394774
2045-07-31 18:00:00,2974.072287686434,2860.9417839587886,2982.127336404864
2045-07-31 19:00:00,2987.341281513662,2432.85930127671,2991.7782339336813
2045-07-31 20:00:00,2965.165702788705,2273.763749232907,4265.696707737701
2045-07-31 21:00:00,2904.9099294499897,1979.7117063983617,5674.727746945182
2045-07-31 22:00:00,2824.568898331704,1386.1130517995457,6967.9480158068345
2045-07-31 23:00:00,2845.381224266192,872.8956190715204,8183.961104437944
2045-08-01 00:00:00,2670.4496586126684,338.8121049045043,4915.806749141731
2045-08-01 01:00:00,2655.966331435276,325.5357685054249,4556.35052440212
2045-08-01 02:00:00,2618.378648998708,318.76483694189443,3691.7125784068335
2045-08-01 03:00:00,2570.790573987273,310.66627173845615,2700.7792020976317
2045-08-01 04:00:00,2621.9132705122383,318.9971728288785,1865.2863554055568
2045-08-01 05:00:00,2706.054504590427,357.1334491352338,1170.6614886790082
2045-08-01 06:00:00,2771.143266607877,456.10853699037017,655.764734322266
2045-08-01 07:00:00,2777.695247950032,680.1467137248342,417.7464233460361
2045-08-01 08:00:00,2833.1284585158874,969.5376563837658,340.0261585374713
2045-08-01 09:00:00,2863.7331082062124,1245.884598530602,325.4536088858654
2045-08-01 10:00:00,2857.181126864058,1478.8843023344443,476.0366219524598
2045-08-01 11:00:00,2860.8019586584064,1717.194540697917,893.7830452984961
2045-08-01 12:00:00,2898.3896410949737,2002.6689641191213,1428.1098658573817
2045-08-01 13:00:00,2883.044211109403,2153.2558097256783,1690.4157595862882
2045-08-01 14:00:00,2898.820692499063,2079.605333551786,1627.2680444293285
2045-08-01 15:00:00,2917.8731645598004,2064.636264261825,1500.9726141154097
2045-08-01 16:00:00,2863.3020568021234,2052.5216072976636,1442.6824155089855
2045-08-01 17:00:00,2787.2645891208085,1928.6865795352517,1258.0967865886437
2045-08-01 18:00:00,2899.682795307241,1650.2818052465582,1097.798740420979
2045-08-01 19:00:00,2990.0311696043127,1279.9384013942397,1437.82489895845
2045-08-01 20:00:00,2944.512141332505,1126.2979984158935,2360.7530435601584
2045-08-01 21:00:00,2895.7171223896216,1009.5658106269896,3468.2668170822094
2045-08-01 22:00:00,2817.955449091952,764.5510223819806,4332.904763077494
2045-08-01 23:00:00,2753.9874207251323,484.71904193038614,4799.226351928883
2045-08-02 00:00:00,2593.2977653725525,773.7919103195652,5636.312337817193
2045-08-02 01:00:00,2486.007375759693,733.0146386480272,5514.314235267038
2045-08-02 02:00:00,2445.373626268924,710.1102779485446,4916.523532771276
2045-08-02 03:00:00,2351.310818937102,702.7508440188748,3855.1400405849217
2045-08-02 04:00:00,2354.163826880071,732.9395423834384,2793.756548398567
2045-08-02 05:00:00,2467.592506309621,811.1898500846211,1915.3702100374455
2045-08-02 06:00:00,2590.444757429584,1060.3592559891551,1116.2826383339254
2045-08-02 07:00:00,2742.259361909988,1629.7391340989122,616.0904178782864
2045-08-02 08:00:00,2781.3369252500456,2228.106170339817,457.4928845630839
2045-08-02 09:00:00,2775.371545005657,2812.2049163089137,457.4928845630839
2045-08-02 10:00:00,2710.098181461975,3453.226630836069,640.4900383883174
2045-08-02 11:00:00,2651.7412008103393,4017.1244816308663,1146.7821639714648
2045-08-02 12:00:00,2662.6345038653108,4561.797688691019,1695.7736254471645
2045-08-02 13:00:00,2711.222093681933,4880.881716927416,1872.6708741448904
2045-08-02 14:00:00,2698.080966187045,4670.987657402652,1811.6718228698132
2045-08-02 15:00:00,2714.939649486407,4726.558893198116,1683.5738151921491
2045-08-02 16:00:00,2689.435487571988,4650.03579958247,1781.172297232274
2045-08-02 17:00:00,2673.873626064885,4205.090431895802,1854.3711587623673
2045-08-02 18:00:00,2733.440973722629,3661.168187481536,1732.3730562122118
2045-08-02 19:00:00,2887.244038284497,2937.916063230008,1927.570020292461
2045-08-02 20:00:00,2952.6038566143293,2554.249247447529,2927.954461203739
2045-08-02 21:00:00,2907.1286390991277,2157.365489097481,4074.736625175201
2045-08-02 22:00:00,2800.702797347775,1615.320651297926,4953.122963536322
2045-08-02 23:00:00,2685.890841339815,1062.0113738101015,5465.514994246976
2045-08-03 00:00:00,2728.8919943521164,628.062274973322,8456.411863167274
2045-08-03 01:00:00,2711.3128209612223,605.8533003113944,8081.657580213808
2045-08-03 02:00:00,2677.1616143216197,574.6729036815134,6859.632744495995
2045-08-03 03:00:00,2707.467376781964,574.4219548152769,5083.623316586106
2045-08-03 04:00:00,2707.467376781964,608.9274239227911,3397.2290432955233
2045-08-03 05:00:00,2795.546360125925,693.3717174113632,2142.6168786252338
2045-08-03 06:00:00,2837.388455124042,908.3094213428988,1213.8780034796953
2045-08-03 07:00:00,2938.2855857321965,1380.8461364661691,733.2149014306883
2045-08-03 08:00:00,2844.9877852878144,2002.0700548345485,578.4250889064313
2045-08-03 09:00:00,2826.859262728455,2567.8970109812262,562.1314244301938
2045-08-03 10:00:00,2759.6555477861816,3109.821087618882,782.0958948594015
2045-08-03 11:00:00,2738.963395773983,3607.013528849885,1295.3463258608842
2045-08-03 12:00:00,2769.4522746238154,3991.2789802744783,1938.9460726722664
2045-08-03 13:00:00,2772.748369634608,4094.168015431429,2460.3433359118667
2045-08-03 14:00:00,2892.506488360076,3966.5605169501846,2932.8596057227537
2045-08-03 15:00:00,2898.366212823707,3839.0784929020606,2883.9786122940423
2045-08-03 16:00:00,2835.648849423902,3815.802985558628,2590.692651721767
2045-08-03 17:00:00,2794.4476617889927,3499.419202450999,2215.9383687683035
2045-08-03 18:00:00,2894.5207686444487,2961.823993755924,1849.3309180529595
2045-08-03 19:00:00,2898.183096434219,2391.9818557494596,2199.644704292065
2045-08-03 20:00:00,3065.27680184246,1945.5438227147831,3405.375875533642
2045-08-03 21:00:00,3109.957200877649,1569.6851583091106,4953.274000776206
2045-08-03 22:00:00,2969.781604724216,1115.718659287339,6664.108770781147
2045-08-03 23:00:00,2877.5825026167645,799.2094017465934,7983.895593356384
2045-08-04 00:00:00,2893.0986072975816,620.8700796534757,6439.609119385593
2045-08-04 01:00:00,2776.111160753595,581.4468465981014,6009.405587401588
2045-08-04 02:00:00,2770.342175919979,568.6724966623292,5148.998523433576
2045-08-04 03:00:00,2790.1080419892537,562.8659739642507,3898.719508605057
2045-08-04 04:00:00,2837.205655876809,596.2993204468704,2682.0501447127895
2045-08-04 05:00:00,2889.410239944942,668.9114148186293,1788.0334298085263
2045-08-04 06:00:00,2964.028748694502,905.9397834833446,1048.6211092110154
2045-08-04 07:00:00,2988.3341438131797,1362.393588843864,618.4175772270085
2045-08-04 08:00:00,2997.9806430431618,1891.6428524508185,477.2570432947564
2045-08-04 09:00:00,3074.6797692736977,2483.724803780137,504.1447640437569
2045-08-04 10:00:00,3026.258126080066,3030.0880290235323,786.4658319082617
2045-08-04 11:00:00,3046.68600680238,3449.7468168657024,1371.2737581990195
2045-08-04 12:00:00,3037.6069487035743,3858.220408352628,1915.7501033662768
2045-08-04 13:00:00,2999.3992458711,3996.4156485668927,2063.632567485779
2045-08-04 14:00:00,2981.997717848389,3827.415277407032,2184.627310856283
2045-08-04 15:00:00,2819.520407288511,3828.270975488853,2023.3009863622797
2045-08-04 16:00:00,2846.2847139756145,3650.5913809276567,1909.028173179028
2045-08-04 17:00:00,2732.418193653092,3393.881956381032,1855.2527316810267
2045-08-04 18:00:00,2814.8863047172445,2942.0122478874187,1794.7553599957764
2045-08-04 19:00:00,2956.2737199017724,2327.9877528885204,2258.5685429160326
2045-08-04 20:00:00,2995.427157952872,1921.286678856796,3455.072116246549
2045-08-04 21:00:00,3155.6347039880493,1533.6554477913955,4678.463410326071
2045-08-04 22:00:00,3077.516974929574,1150.54719230134,5740.528379911585
2045-08-04 23:00:00,2982.0922913702507,778.563011874972,6399.277538262094
2045-08-05 00:00:00,2836.353384707618,552.1145070348242,9635.424387986995
2045-08-05 01:00:00,2801.4255240887337,523.0699508072325,8823.025861156717
2045-08-05 02:00:00,2781.8505692363924,511.97728818894575,7236.014785488267
2045-08-05 03:00:00,2793.4612042223403,498.9554668544352,5327.822896886922
2045-08-05 04:00:00,2909.279687098692,525.6421624288643,3551.8819312579485
2045-08-05 05:00:00,2968.772196944043,581.5341774572368,2201.033218040164
2045-08-05 06:00:00,3099.271895959651,758.9096038655905,1284.7232517315983
2045-08-05 07:00:00,3061.6572768316223,1176.0365885068668,802.9520323322495
2045-08-05 08:00:00,3176.0364247923612,1609.0255448148728,651.8081203638263
2045-08-05 09:00:00,3199.8334287305015,2009.9154435945984,651.8081203638263
2045-08-05 10:00:00,3253.184776269236,2430.4720437313845,1001.3284167908048
2045-08-05 11:00:00,3209.1411278514684,2846.7952122409015,1804.2804491230524
2045-08-05 12:00:00,3124.508234813405,3263.65425817159,2673.357942941486
2045-08-05 13:00:00,3154.350445397121,3487.7046079641377,3060.664217360572
2045-08-05 14:00:00,3080.464586395637,3306.8995660602745,3211.8081293289956
2045-08-05 15:00:00,2993.720668814673,3383.3156863195845,3164.5756568388624
2045-08-05 16:00:00,3119.9023630834417,3324.2084067641704,2796.162371415832
2045-08-05 17:00:00,3023.275012415268,3026.5820870445345,2399.4096024987207
2045-08-05 18:00:00,3179.490828589833,2578.374211975208,2191.5867235421388
2045-08-05 19:00:00,3362.670185516889,2050.2670134089462,2890.6273163960964
2045-08-05 20:00:00,3389.633726269379,1852.956946932945,4647.675293029019
2045-08-05 21:00:00,3261.820785762916,1572.1035904960331,6574.760170626418
2045-08-05 22:00:00,2967.2369063673877,1170.8385775214851,8237.343202279077
2045-08-05 23:00:00,2810.637267548659,735.7596992709051,9408.70852003436
2045-08-06 00:00:00,2566.088173620561,213.16331844559147,5363.7763639436735
2045-08-06 01:00:00,2547.920521473847,205.92482407710824,4926.1460748353
2045-08-06 02:00:00,2524.098651056982,198.6863297086249,4185.540970190357
2045-08-06 03:00:00,2574.152386563235,199.7204003326939,3254.17394465202
2045-08-06 04:00:00,2803.565340966893,200.89924084413255,2233.0366033991445
2045-08-06 05:00:00,2806.531488256153,222.0356444001037,1408.2718277718225
2045-08-06 06:00:00,2983.202636172667,299.5082155553561,841.5967098237983
2045-08-06 07:00:00,3090.910859613901,437.03960855653816,510.5686706264376
2045-08-06 08:00:00,2937.412737394725,581.5613189764267,392.74513125110576
2045-08-06 09:00:00,2970.874586501682,734.2108245014979,420.7983549118992
2045-08-06 10:00:00,3093.691622697582,895.6499303311562,706.9412362519905
2045-08-06 11:00:00,3013.512953784787,1036.221490967101,1273.6163542000147
2045-08-06 12:00:00,3038.3544373323352,1220.6996903010174,1688.8040643797551
2045-08-06 13:00:00,2980.792641500144,1312.6078873682736,1610.2550381295343
2045-08-06 14:00:00,2976.5288047718336,1302.0190041778071,1615.865682861693
2045-08-06 15:00:00,2978.011878416464,1306.444826448822,1761.7424458978178
2045-08-06 16:00:00,3097.4919989119453,1288.1210949903193,1683.1934196475966
2045-08-06 17:00:00,3047.252879200113,1171.3952029454065,1531.7060118793129
2045-08-06 18:00:00,3207.702909128491,1025.1982981145252,1526.0953671471543
2045-08-06 19:00:00,3309.293453785625,833.0886575749797,2008.6108141127984
2045-08-06 20:00:00,3258.034720943111,726.2484806961666,3097.0758921515776
2045-08-06 21:00:00,3158.8541709584997,661.8258808166659,4028.4429176899152
2045-08-06 22:00:00,3071.0747496169784,497.3672887647258,4668.056417156
2045-08-06 23:00:00,3035.666366351444,325.5047510444516,5229.120890371866
2045-08-07 00:00:00,2807.664761497685,477.1959513236957,8670.825274524668
2045-08-07 01:00:00,2780.82781371952,462.43631587559406,8246.508293005378
2045-08-07 02:00:00,2875.6393143475707,445.5474215431765,7176.491557000205
2045-08-07 03:00:00,2734.768553864952,457.6938756332534,5663.709275061857
2045-08-07 04:00:00,2825.029845354145,493.8428844192586,3984.889913398573
2045-08-07 05:00:00,2889.0113575311548,563.5761128806164,2555.1261713226963
2045-08-07 06:00:00,3014.559985199251,835.3469741151645,1475.8851531105831
2045-08-07 07:00:00,2954.942959339105,1261.101966483675,885.5310918663488
2045-08-07 08:00:00,2931.820468000824,1688.7442564996463,664.1483188997615
2045-08-07 09:00:00,2913.062462979407,2092.6259530565435,701.0454477275262
2045-08-07 10:00:00,3038.982536291491,2472.940625143849,1143.810993660701
2045-08-07 11:00:00,3013.352786856289,2783.76403000665,2020.11780332011
2045-08-07 12:00:00,3013.2599254452916,3110.8472299860514,2656.5932755990484
2045-08-07 13:00:00,3104.078385400467,3061.825883399405,2518.2290424949315
2045-08-07 14:00:00,2911.6695418144513,2999.206315301559,2564.350453529638
2045-08-07 15:00:00,3045.6685578832835,3002.545380370145,2804.181790910107
2045-08-07 16:00:00,3035.1752184406105,2882.919744869469,2914.8731773934032
2045-08-07 17:00:00,3056.9047886139338,2591.9371614287056,2702.714686633754
2045-08-07 18:00:00,3156.7308054358296,2090.690263161709,2573.5747357365767
2045-08-07 19:00:00,3287.3868107087665,1707.4236639847834,3246.9473368432805
2045-08-07 20:00:00,3364.8332274803583,1429.8941253131084,4888.869569678802
2045-08-07 21:00:00,3263.335705260515,1186.384336543122,6327.857593961622
2045-08-07 22:00:00,3162.581074328647,842.8477724576421,7360.977201139027
2045-08-07 23:00:00,3095.6279969997304,591.4500473662114,8264.956857419258
2045-08-08 00:00:00,2509.621344343922,513.0503946687207,7532.734126767634
2045-08-08 01:00:00,2501.245303620587,492.2935119208544,7578.665432418653
2045-08-08 02:00:00,2497.4960282491893,471.6911469105655,6782.522801134275
2045-08-08 03:00:00,2475.0801478372173,463.91375411918153,5297.410585084552
2045-08-08 04:00:00,2466.6243352974693,497.2895854358495,3751.056628166806
2045-08-08 05:00:00,2571.9231329622503,570.0674398346953,2457.324852329684
2045-08-08 06:00:00,2643.2391368352146,720.1556689346504,1393.2496047476716
2045-08-08 07:00:00,2705.3813818207173,1116.854207207764,788.4874136758804
2045-08-08 08:00:00,2590.1111071043483,1679.6078074638058,574.1413206377769
2045-08-08 09:00:00,2711.5238116844957,2170.150118358785,551.1756678122656
2045-08-08 10:00:00,2619.4671355442265,2592.550106982233,704.2800199823396
2045-08-08 11:00:00,2670.840185314013,3001.0434992237365,1171.2482941010649
2045-08-08 12:00:00,2601.279161402128,3298.18110858463,1753.0448323473452
2045-08-08 13:00:00,2543.2850508700863,3406.3435248886476,2143.4609303810334
2045-08-08 14:00:00,2534.909010146752,3239.464368305308,2426.7039818956705
2045-08-08 15:00:00,2520.789398641701,3118.373967957336,2487.945722763701
2045-08-08 16:00:00,2505.15412262481,3125.224254323256,2564.497898848737
2045-08-08 17:00:00,2550.8633734292944,2914.977119393258,2357.807023419139
2045-08-08 18:00:00,2660.709164629599,2448.84861103547,1982.7013606024557
2045-08-08 19:00:00,2812.993562161466,1906.6458698771903,2051.5983190789893
2045-08-08 20:00:00,2786.908178194509,1550.7915202369743,3031.4661729674604
2045-08-08 21:00:00,2750.2929144610744,1242.7861633331552,4378.784472064109
2045-08-08 22:00:00,2672.674937091505,901.0959396375129,5741.413206377765
2045-08-08 23:00:00,2567.854770325202,635.016395529631,6859.074977219308
2045-08-09 00:00:00,2863.9642627431144,449.04575579095655,8143.51270952872
2045-08-09 01:00:00,2863.2371606485463,432.8815656362424,7650.481668659548
2045-08-09 02:00:00,2830.1540153456835,423.6383808435468,6562.413164672415
2045-08-09 03:00:00,2803.8874521794,437.4348586375703,5066.3189716901015
2045-08-09 04:00:00,2825.7005150164528,462.5235030748869,3544.7231731455913
2045-08-09 05:00:00,2951.4891773767854,527.999856433982,2303.645035785263
2045-08-09 06:00:00,3043.1949290542257,786.3537013293268,1360.08562998392
2045-08-09 07:00:00,3049.466184619878,1168.648181720818,790.5497724281531
2045-08-09 08:00:00,3053.6470216636462,1561.0054396452415,612.0385334927639
2045-08-09 09:00:00,3049.375296858057,1969.7545523744468,620.5390686801634
2045-08-09 10:00:00,3011.2933246550374,2307.4722942829353,952.0599409887444
2045-08-09 11:00:00,2978.66461816128,2535.0458784893044,1734.1091782294975
2045-08-09 12:00:00,2974.0293423084063,2866.753273636043,2473.655739533253
2045-08-09 13:00:00,2959.941739226143,2869.8039799469316,2601.1637673442465
2045-08-09 14:00:00,2926.3132673523546,2821.8578046429484,2541.660021032451
2045-08-09 15:00:00,2904.8637555625874,2820.036487442417,2584.16269696945
2045-08-09 16:00:00,2984.9358737269317,2693.6826066555664,2507.657880282853
2045-08-09 17:00:00,2928.403685874239,2469.023129970049,2388.650387659261
2045-08-09 18:00:00,2929.8578900633756,2040.3305938950275,2269.642895035667
2045-08-09 19:00:00,3012.5657533205317,1598.114777606064,2788.1755414670356
2045-08-09 20:00:00,3007.930477467657,1310.7109233622473,4352.274015948542
2045-08-09 21:00:00,2943.854605383817,1157.5381467975772,5933.37356080485
2045-08-09 22:00:00,2883.7777948201037,878.967680976336,7089.446346291186
2045-08-09 23:00:00,2779.2568687258954,608.3199449774062,7922.4987946563315
2045-08-10 00:00:00,2593.355498525425,591.7480917847994,6002.236581336226
2045-08-10 01:00:00,2584.660257960377,576.9846660468688,5530.7233042461185
2045-08-10 02:00:00,2579.3561612156977,545.6123863537656,4868.055995903268
2045-08-10 03:00:00,2558.4006314539342,534.0784599960073,3784.849818804372
2045-08-10 04:00:00,2579.4431136213484,548.26518941605,2567.835819828556
2045-08-10 05:00:00,2759.521545723483,610.9520791704676,1726.758082316472
2045-08-10 06:00:00,2815.60584736804,808.0668806245603,1070.4625750153775
2045-08-10 07:00:00,2930.643880043618,1143.934816162487,611.692900008787
2045-08-10 08:00:00,2807.9540356707976,1592.316203320349,446.02607292307374
2045-08-10 09:00:00,2868.038147975276,2061.285649026808,503.3722822988975
2045-08-10 10:00:00,2830.30080392297,2547.267636110963,802.8469312615331
2045-08-10 11:00:00,2833.344138120737,3080.7117301572925,1376.309025019771
2045-08-10 12:00:00,2880.124532360692,3597.777648775608,1796.8478937758125
2045-08-10 13:00:00,2864.7339565605585,3703.947440898775,1809.5914958593291
2045-08-10 14:00:00,2781.7813615700047,3715.1353494658,2013.4891291955923
2045-08-10 15:00:00,2834.648424205494,3643.9710238384287,1975.258322945043
2045-08-10 16:00:00,2814.2146088776317,3556.6592013101995,1771.3606896087797
2045-08-10 17:00:00,2762.217070298648,3291.148216554598,1739.5016843999886
2045-08-10 18:00:00,2830.8225183568725,2793.805312008052,1841.45050106812
2045-08-10 19:00:00,2936.208834005249,2401.9978336349945,2268.3611708659187
2045-08-10 20:00:00,2887.2546296240307,2092.830937615278,3377.0545521318454
2045-08-10 21:00:00,2902.8191102354663,1732.857095989635,4396.54271881316
2045-08-10 22:00:00,2662.569613423203,1170.6935253124864,5288.594864659309
2045-08-10 23:00:00,2754.130496573153,769.6589058532242,5989.492979252708
2045-08-11 00:00:00,2650.356179405941,352.88385771819407,13246.990392064794
2045-08-11 01:00:00,2590.1305330323003,329.4347439296727,12321.551941521346
2045-08-11 02:00:00,2522.376680861953,320.6961533235907,10153.38185739098
2045-08-11 03:00:00,2460.6967220048573,315.6689332451881,7588.595294456278
2045-08-11 04:00:00,2435.289027440978,310.84415155920465,5222.116970923744
2045-08-11 05:00:00,2558.6489451551693,341.64852693894585,3239.03457690207
2045-08-11 06:00:00,2615.452679803036,425.1881035438075,1850.876901086897
2045-08-11 07:00:00,2719.222152887165,592.3347362176705,1136.9672392390935
2045-08-11 08:00:00,2682.864340800805,840.4904655911589,938.658999836926
2045-08-11 09:00:00,2792.1088726461735,1189.089377336487,898.9973519564924
2045-08-11 10:00:00,2827.7823023873793,1511.6074761918476,1374.9371265216953
2045-08-11 11:00:00,2776.5391742938973,1734.2559681205555,2564.7865629347016
2045-08-11 12:00:00,2773.801644913277,2009.2685242216164,3860.400393695528
2045-08-11 13:00:00,2773.716097120133,2212.4829304781133,4296.6785203802965
2045-08-11 14:00:00,2884.6715848283893,2176.8537734123884,4164.47302744552
2045-08-11 15:00:00,2838.0480375647044,2131.0014775295094,4243.796323206385
2045-08-11 16:00:00,2814.693490036289,2050.7683946674892,4005.826435923786
2045-08-11 17:00:00,2832.230787630887,1956.6008024606365,3543.1072106520605
2045-08-11 18:00:00,3002.8130871607746,1835.0702875451632,3120.0496332607686
2045-08-11 19:00:00,3093.664843480103,1452.1243285527637,4045.4880838042186
2045-08-11 20:00:00,2973.7268374916857,1166.1126197969431,6583.833548151965
2045-08-11 21:00:00,3014.105395855832,999.03346658722,9307.2667026084
2045-08-11 22:00:00,2928.129863745733,782.1207291103793,11369.672392390936
2045-08-11 23:00:00,2802.8023467892212,527.2170533229277,12797.491716086546
2045-08-12 00:00:00,2848.738918506493,656.384693858232,5508.017404588973
2045-08-12 01:00:00,2794.6187155473467,643.3939467730005,5190.8570933842375
2045-08-12 02:00:00,2734.3082932954862,627.4594835994898,4429.672346492862
2045-08-12 03:00:00,2686.024582812325,605.5096005934085,3309.039246902781
2045-08-12 04:00:00,2738.553015096204,615.1726686223247,2204.2641628729375
2045-08-12 05:00:00,2768.7966579263148,685.373897944981,1406.0773796743442
2045-08-12 06:00:00,2874.7378395358887,860.2050360575566,845.7608298793045
2045-08-12 07:00:00,2942.8302517557304,1279.876560121346,491.5984823673461
2045-08-12 08:00:00,2937.347486096471,1814.6729807680524,370.02036307219606
2045-08-12 09:00:00,2797.53696178534,2248.935097617225,364.73435788545027
2045-08-12 10:00:00,2737.668698054388,2622.0831087206047,470.4544616203632
2045-08-12 11:00:00,2661.6174324582003,3132.0499241009543,803.4727883853393
2045-08-12 12:00:00,2737.8455614627505,3773.71603751779,1268.6412448189571
2045-08-12 13:00:00,2723.165898568603,4107.699825881457,1670.3776390116266
2045-08-12 14:00:00,2734.6620201122123,4000.318182487275,1924.1058879754169
2045-08-12 15:00:00,2767.647045771955,3994.366756482712,1881.817846481452
2045-08-12 16:00:00,2890.920841401123,4058.488572144792,1601.6595715839328
2045-08-12 17:00:00,2838.922999342335,3788.1146488191566,1369.075343367124
2045-08-12 18:00:00,2929.5654961284886,3164.1748257599997,1231.6392085117377
2045-08-12 19:00:00,3128.094672016211,2488.911952639977,1374.36134855387
2045-08-12 20:00:00,3056.022833108196,2330.7832036369837,2156.690116192227
2045-08-12 21:00:00,3009.507756708668,2182.8294732869567,3245.607184661833
2045-08-12 22:00:00,2956.448734199699,1616.5480892612666,4366.240284251913
2045-08-12 23:00:00,2829.726102107447,981.025383333012,5243.717145251691
2045-08-13 00:00:00,2995.9291840318083,151.77216426492984,4349.740161333789
2045-08-13 01:00:00,2924.1793056365063,144.2399712624308,3937.187486238213
2045-08-13 02:00:00,2986.728098589924,137.36341449294278,3345.264082840212
2045-08-13 03:00:00,2941.837954464366,147.1674632795964,2573.969951139788
2045-08-13 04:00:00,2943.882640118118,160.96631888134058,1753.3488691561968
2045-08-13 05:00:00,3125.6737827880793,181.1385685621225,1139.0041247203935
2045-08-13 06:00:00,3139.428940822412,276.89195329024767,717.482913209697
2045-08-13 07:00:00,3075.393103757175,439.24578140889093,417.0369433031363
2045-08-13 08:00:00,3058.5709172422144,558.1903919604999,309.4145063216818
2045-08-13 09:00:00,3020.465411876834,666.0959180307138,331.8358473594849
2045-08-13 10:00:00,3066.3778988292684,812.729723911348,506.7223074543484
2045-08-13 11:00:00,3031.1535414305376,899.3194487315749,932.727787172606
2045-08-13 12:00:00,2978.735236488892,967.0634436912984,1336.3119258530608
2045-08-13 13:00:00,2987.936321930777,960.7205443207728,1421.5130217967123
2045-08-13 14:00:00,3021.6736352176868,923.227300205094,1403.5759489664702
2045-08-13 15:00:00,3133.4807643751333,954.4691290757828,1403.5759489664702
2045-08-13 16:00:00,3041.191089185321,916.4422275611424,1237.6580252867273
2045-08-13 17:00:00,2937.6556428998724,764.4718476908838,1147.9726611355152
2045-08-13 18:00:00,3033.9417491402,638.0102914910311,1210.752416041364
2045-08-13 19:00:00,3112.569206552668,532.2851370794357,1497.7455813252425
2045-08-13 20:00:00,3043.3287150960628,432.5674402447318,2349.756540761757
2045-08-13 21:00:00,3058.385036728237,344.1632802680326,3228.6731094436363
2045-08-13 22:00:00,3022.7889183015527,253.73122217527597,3856.470658502121
2045-08-13 23:00:00,3073.9989999023437,193.65664640635651,4322.834552088424
2045-08-14 00:00:00,2804.2606796925725,479.99729779617553,9162.616646783974
2045-08-14 01:00:00,2689.857385089583,458.4168418057392,8204.434513786959
2045-08-14 02:00:00,2734.817434719552,436.83638581530266,6807.085569832977
2045-08-14 03:00:00,2765.7107757524213,439.0903445520815,5210.115348171279
2045-08-14 04:00:00,2846.5498352851173,472.6119861905596,3722.936829248829
2045-08-14 05:00:00,2985.703414634901,536.8258319043251,2515.2280991171697
2045-08-14 06:00:00,2913.767335226951,719.6362724277557,1517.12171057861
2045-08-14 07:00:00,2980.9848351687856,1115.1820524480218,928.23894134086
2045-08-14 08:00:00,2940.654335203685,1582.614729200876,688.6934080916062
2045-08-14 09:00:00,2949.8244047321737,2010.0516275181224,758.560855289305
2045-08-14 10:00:00,3000.037212635743,2440.9893553627053,1227.6708579024275
2045-08-14 11:00:00,2938.250530570004,2808.5764557331413,2335.5689491802286
2045-08-14 12:00:00,3022.5617523513506,3071.9059753853344,3393.5617210311016
2045-08-14 13:00:00,2967.2742457766767,3132.427165296291,3423.5049126872605
2045-08-14 14:00:00,2936.737023948797,3000.5466009102884,2944.4138461887487
2045-08-14 15:00:00,2932.374563687671,2947.698462018154,2525.2091630025543
2045-08-14 16:00:00,2922.2251663454604,2900.2214588391935,2595.0766102002526
2045-08-14 17:00:00,2954.0088053908044,2624.4232312814165,2595.0766102002535
2045-08-14 18:00:00,3011.789146400408,2215.8332645291525,2814.6600156787363
2045-08-14 19:00:00,3083.8142556096045,1787.677017678892,3732.917893134212
2045-08-14 20:00:00,3114.5295370399795,1453.4197326714634,5868.865564606726
2045-08-14 21:00:00,3113.639239027505,1138.5848580554286,7984.851108308475
2045-08-14 22:00:00,3035.8271927372225,814.542322216808,9142.654519013204
2045-08-14 23:00:00,2855.8089346148536,588.7627959879754,9462.048563345545
2045-08-15 00:00:00,2576.654698889525,332.6457945059281,9169.049629307969
2045-08-15 01:00:00,2530.372056997441,316.8055185770744,8997.487370131726
2045-08-15 02:00:00,2481.461646060201,299.34304571574785,7968.113815074282
2045-08-15 03:00:00,2548.427373339957,291.2638688363726,6252.491223311875
2045-08-15 04:00:00,2526.4727868014043,292.9496813348248,4451.087501961352
2045-08-15 05:00:00,2740.0002134060933,322.34007281727634,2926.0896426169916
2045-08-15 06:00:00,2872.6601668147223,384.8741741749601,1696.5601185206017
2045-08-15 07:00:00,2852.6552153741877,553.2645773222522,962.6548987111272
2045-08-15 08:00:00,2710.416619962251,804.9277563364908,705.3115099467665
2045-08-15 09:00:00,2744.3233173190893,1087.0945992378186,695.7802733258645
2045-08-15 10:00:00,2876.813737240934,1396.6797510762387,953.1236620902256
2045-08-15 11:00:00,2831.209229295987,1686.9257708569426,1677.4976452787969
2045-08-15 12:00:00,2835.447566465592,1933.7541668567503,2468.5902848136807
2045-08-15 13:00:00,2776.449913064693,2093.9381619927103,2783.1210933034563
2045-08-15 14:00:00,2848.1625779744068,2059.2358707509843,2868.902222891577
2045-08-15 15:00:00,2746.696786134068,2002.2045158505132,2935.6208792378925
2045-08-15 16:00:00,2813.832046900608,1981.2749946433128,3021.402008826012
2045-08-15 17:00:00,2786.960989245313,1838.521664585692,2849.839749649773
2045-08-15 18:00:00,2856.215418596655,1668.0001399780922,2563.9026510227063
2045-08-15 19:00:00,3040.07448501411,1390.6044645252143,2821.2460397870673
2045-08-15 20:00:00,2978.109995594489,1160.506962377969,4269.994006164208
2045-08-15 21:00:00,3003.3704851253333,947.6492786111224,6004.679071168418
2045-08-15 22:00:00,2941.1516954755352,678.8735123484433,7453.427037545563
2045-08-15 23:00:00,2775.0088784270283,460.8629677372722,8578.11295881203
2045-08-16 00:00:00,2594.484088469841,668.6381441237768,10518.684634840944
2045-08-16 01:00:00,2519.6994291786873,617.6315649563591,10024.950458103507
2045-08-16 02:00:00,2524.2293369551344,588.1252273873587,8715.481554582497
2045-08-16 03:00:00,2466.6583272144776,600.6508936639145,6697.6114409599495
2045-08-16 04:00:00,2550.585164018096,623.5715716442102,4679.7413273374
2045-08-16 05:00:00,2685.4116918370582,687.2329476683551,3101.9386321112584
2045-08-16 06:00:00,2619.3574002605105,935.4219227564002,1856.869838599472
2045-08-16 07:00:00,2598.108014690998,1393.5772212019697,1051.8684634840945
2045-08-16 08:00:00,2489.554951975425,1860.7070949694023,772.8013201107628
2045-08-16 09:00:00,2473.494369858933,2488.991932789843,772.8013201107628
2045-08-16 10:00:00,2560.798047004993,3231.815595221675,1030.401760147684
2045-08-16 11:00:00,2463.610934710323,3681.3837100858977,1846.1364869312692
2045-08-16 12:00:00,2561.12749484328,4028.6804054549384,2855.071543742544
2045-08-16 13:00:00,2601.567216993012,4219.987359977798,3413.205830489205
2045-08-16 14:00:00,2548.6084769883732,4102.6722278927355,3499.0726438348465
2045-08-16 15:00:00,2519.452343299973,4096.5385253346285,3338.0723688117714
2045-08-16 16:00:00,2566.8928320133027,3869.268704234234,3155.6053904522832
2045-08-16 17:00:00,2623.640222158242,3463.9278130784724,2973.138412092798
2045-08-16 18:00:00,2641.759853264028,3217.6112314029015,2801.404785401516
2045-08-16 19:00:00,2844.0408259722576,2681.0736707937267,3112.6719837794644
2045-08-16 20:00:00,2797.67104273336,2075.3221192130723,4830.008250692274
2045-08-16 21:00:00,2744.465216850006,1564.8689357983765,7019.611991006097
2045-08-16 22:00:00,2635.5827062961466,1171.601753888572,8865.748477937366
2045-08-16 23:00:00,2615.4863881606384,875.6344641373755,10132.283974785563
2045-08-17 00:00:00,3139.00464113462,799.914172267158,5994.011910249743
2045-08-17 01:00:00,2907.6105657847675,772.1371763762033,5773.823717628326
2045-08-17 02:00:00,2975.108668204771,744.4393172256782,4978.699688717642
2045-08-17 03:00:00,2899.283513962271,752.4321280091157,3730.966597196268
2045-08-17 04:00:00,2978.341523618211,788.1227979430777,2581.0949246177465
2045-08-17 05:00:00,3022.621846250782,883.9573906038934,1712.5748314999266
2045-08-17 06:00:00,3050.541961185036,1242.1302777903948,972.4978507446014
2045-08-17 07:00:00,3088.94436488408,1863.1954166855924,550.4704815535483
2045-08-17 08:00:00,2985.101130391767,2494.2317848749785,452.6090626106953
2045-08-17 09:00:00,3049.464342713889,3104.6926005525465,434.26004655891046
2045-08-17 10:00:00,3060.6323886875907,3730.34767039269,629.9828844446164
2045-08-17 11:00:00,3176.7212876247527,4278.0530509092105,1088.708285739239
2045-08-17 12:00:00,3173.68436284243,4887.56422570162,1608.5970738731448
2045-08-17 13:00:00,3097.271416706577,5034.442015939832,1896.0649920177768
2045-08-17 14:00:00,3013.707002534933,4931.801663602031,2042.857120432056
2045-08-17 15:00:00,2886.743953570746,4960.290890156856,1926.6466854374169
2045-08-17 16:00:00,2912.4108662471476,4836.204481162501,1804.3199117588504
2045-08-17 17:00:00,3002.6369218767895,4361.146628360785,1779.8545570231383
2045-08-17 18:00:00,3117.060410449452,3664.26849213358,1529.084670982078
2045-08-17 19:00:00,3223.0588818840583,2989.7860534480837,1810.43625044278
2045-08-17 20:00:00,3238.145540480111,2582.310976973649,2825.74847197488
2045-08-17 21:00:00,3235.794372906701,2229.7567983576823,3975.620144553404
2045-08-17 22:00:00,3063.2774522076784,1627.3679302039816,5088.793785028353
2045-08-17 23:00:00,3013.11921064158,1090.1085994242285,5822.754427099749
2045-08-18 00:00:00,2695.002420746853,608.0870273402757,9298.534037695885
2045-08-18 01:00:00,2755.812161331242,581.0941878392457,9358.012933459397
2045-08-18 02:00:00,2729.9494820278205,560.0266057896615,8564.96098994589
2045-08-18 03:00:00,2788.627173780744,551.048942984441,6899.551908567519
2045-08-18 04:00:00,2733.1939041626583,569.1239707656183,4986.314094841183
2045-08-18 05:00:00,2750.9918770166246,641.4839329756966,3320.905013462814
2045-08-18 06:00:00,2836.4592258257817,808.3487589820629,1942.9772616080943
2045-08-18 07:00:00,2945.1010184552088,1205.0417528020776,1060.7069744493165
2045-08-18 08:00:00,2846.285190005576,1765.0085075063705,753.3993463378321
2045-08-18 09:00:00,2971.7979777361597,2324.077495930141,743.4861970439132
2045-08-18 10:00:00,2933.884587646197,2821.978675107675,991.3149293918856
2045-08-18 11:00:00,2978.472217556397,3269.185984978398,1724.887977141882
2045-08-18 12:00:00,2899.77180634276,3697.6599051288945,2468.374174185796
2045-08-18 13:00:00,2845.8217011291713,3923.8371567350846,2696.376607945929
2045-08-18 14:00:00,2932.8649121181056,3796.174791644848,2785.5949515911984
2045-08-18 15:00:00,2858.243203016836,3688.8019444944102,3013.597385351333
2045-08-18 16:00:00,2938.055987533846,3659.714317005497,3221.7735205236277
2045-08-18 17:00:00,2941.578502994527,3432.6392991187818,3142.4683261722766
2045-08-18 18:00:00,3155.6176661185423,2993.3323325166516,2845.073847354711
2045-08-18 19:00:00,3113.903667242056,2353.703783187369,2934.29219099998
2045-08-18 20:00:00,3044.2876380059643,1941.688911513112,4322.133092148619
2045-08-18 21:00:00,2975.5985865226835,1641.4758673065353,5967.715874939152
2045-08-18 22:00:00,2856.574643061776,1226.647994619976,7315.904178912112
2045-08-18 23:00:00,2630.2066758253777,833.6059170074172,8525.308392770214
2045-08-19 00:00:00,2512.453975555071,596.3280627429581,8469.530707870885
2045-08-19 01:00:00,2453.4513760590357,581.2530227875257,8086.136313687428
2045-08-19 02:00:00,2551.554205668863,548.8387076264378,6988.234184889348
2045-08-19 03:00:00,2618.394463903923,566.2375679702571,5437.229590238097
2045-08-19 04:00:00,2654.324405089569,596.4472330192857,3746.8088522474063
2045-08-19 05:00:00,2630.899492453829,674.9804451191277,2352.6474188530237
2045-08-19 06:00:00,2753.0436797687566,925.71470651225,1333.1668706833798
2045-08-19 07:00:00,2793.288736439933,1436.5976811283697,827.7833510779157
2045-08-19 08:00:00,2865.324745973899,1970.77844476652,618.6591360687581
2045-08-19 09:00:00,2774.2670028710627,2403.128207282798,653.5131719036177
2045-08-19 10:00:00,2858.63191379226,2895.420618791823,1054.3345840045024
2045-08-19 11:00:00,2702.054866174421,3314.9595766028906,1794.982845495269
2045-08-19 12:00:00,2736.6638536400064,3680.514399237589,2335.2204009355933
2045-08-19 13:00:00,2677.9254448879833,3803.617294683928,2309.0798740594487
2045-08-19 14:00:00,2662.250127409932,3704.4080396412583,2605.339178655756
2045-08-19 15:00:00,2726.8887961115593,3659.6000157421063,2840.6039205410584
2045-08-19 16:00:00,2757.534922416962,3686.651668468456,2875.4579563759166
2045-08-19 17:00:00,2794.6977537413313,3239.6439619638904,2509.490580109892
2045-08-19 18:00:00,2855.813879189464,2726.317996683058,2300.3663651007337
2045-08-19 19:00:00,2959.3766508422077,2219.4868114620735,2927.7390101282062
2045-08-19 20:00:00,2919.6599756590554,1847.7351344583465,4356.754479357449
2045-08-19 21:00:00,2887.5167684709163,1596.4646068217503,5681.207841082113
2045-08-19 22:00:00,2794.785817322669,1164.7702808252743,6866.24505946734
2045-08-19 23:00:00,2747.847928469852,836.6349249574216,7946.72017034799
2045-08-20 00:00:00,2959.046624873471,286.823964497004,3443.538231660328
2045-08-20 01:00:00,3017.281954006796,272.3800086705831,3264.7391311702727
2045-08-20 02:00:00,2952.800261187553,263.58048447973755,2741.5862075141854
2045-08-20 03:00:00,2843.6330435382847,272.2642254575457,2046.25637227508
2045-08-20 04:00:00,2834.50374276656,295.3919222617748,1364.1709148500531
2045-08-20 05:00:00,2822.971994423327,335.88710102162014,831.0847078334059
2045-08-20 06:00:00,2788.47284729649,493.815403604691,466.8643179462557
2045-08-20 07:00:00,2927.814806443883,758.5537202148024,294.6874063632396
2045-08-20 08:00:00,2886.492708213966,1015.7661279774804,231.77661174636825
2045-08-20 09:00:00,2949.148540878863,1274.4547717063856,228.4655172928486
2045-08-20 10:00:00,2992.584792971705,1529.2936236017958,337.7316342589935
2045-08-20 11:00:00,2982.014023657076,1700.8843453232853,569.5082460053615
2045-08-20 12:00:00,2921.0879532436647,1862.0545778714047,817.8403300193286
2045-08-20 13:00:00,2987.491604120112,1852.6471918121144,966.839580427708
2045-08-20 14:00:00,3056.970387888088,1785.2613618243215,1139.0164920107245
2045-08-20 15:00:00,3114.340835895669,1796.23182125962,1188.682908813517
2045-08-20 16:00:00,3100.3105420780703,1711.7390215455457,1092.6611696614502
2045-08-20 17:00:00,3167.4829761773995,1529.5830816343907,890.6844079967577
2045-08-20 18:00:00,3196.0240533269,1273.354831182531,748.307346495417
2045-08-20 19:00:00,3275.304823186624,1021.2658305967597,940.3508247995508
2045-08-20 20:00:00,3217.0694940532994,822.6397286310272,1456.881559548601
2045-08-20 21:00:00,3221.297801779151,655.7092812342951,2059.5007500891575
2045-08-20 22:00:00,3097.139311283681,484.5527465616961,2688.608696257872
2045-08-20 23:00:00,3037.750807316033,352.3862088794555,3218.383808821
2045-08-21 00:00:00,2710.732434405528,917.3598199470752,9474.55018645026
2045-08-21 01:00:00,2687.0115341109845,890.9540337938695,8489.940069034843
2045-08-21 02:00:00,2676.744278759614,856.0387418039167,7003.736118219113
2045-08-21 03:00:00,2624.788426248805,817.2634677849244,5183.136278469852
2045-08-21 04:00:00,2681.346841503333,834.1070257298261,3399.691537490977
2045-08-21 05:00:00,2719.2294733170056,911.8330274964042,2145.7069539902063
2045-08-21 06:00:00,2771.539369115793,1198.5244200169209,1337.583555734155
2045-08-21 07:00:00,2909.704762249309,1685.9348780475177,817.4121729486496
2045-08-21 08:00:00,2858.8995504244285,2259.756297410032,622.3479044040856
2045-08-21 09:00:00,2751.181880057044,2876.1252459562834,659.5030031744785
2045-08-21 10:00:00,2751.004858413054,3550.6571055310224,984.6101174154188
2045-08-21 11:00:00,2671.3451186179464,4412.047186057019,1774.155966286275
2045-08-21 12:00:00,2634.9671707781804,5349.1455504707765,2638.0120126979177
2045-08-21 13:00:00,2598.2351796504363,5613.378865731421,3065.2956485574387
2045-08-21 14:00:00,2724.0975685267067,5603.904364387415,3260.3599171020023
2045-08-21 15:00:00,2680.373222461392,5668.208155916651,3130.3170714056264
2045-08-21 16:00:00,2765.166589932185,5491.613978088071,2591.568139234924
2045-08-21 17:00:00,2843.675689041363,5091.66720376095,2210.7283768383936
2045-08-21 18:00:00,2971.485316001514,4288.352307399145,2247.8834756087876
2045-08-21 19:00:00,3020.431800564508,3711.986808972037,2879.520154705472
2045-08-21 20:00:00,3003.083679453573,3479.071984265192,4588.654698143558
2045-08-21 21:00:00,2960.686995718177,2949.728085100933,6539.2973835892
2045-08-21 22:00:00,2900.234104295889,2005.8747521363548,8211.276828256894
2045-08-21 23:00:00,2804.111351609793,1202.64758263885,9400.239988909472
2045-08-22 00:00:00,3032.514277274874,612.6211319224271,4674.249654845613
2045-08-22 01:00:00,2955.8066657657664,573.5292611181171,4511.7501780922885
2045-08-22 02:00:00,2943.0388195512755,551.9529727362029,3957.3401985809487
2045-08-22 03:00:00,2911.1694711261284,567.1048606448502,3106.6076438135465
2045-08-22 04:00:00,2981.4428924169106,609.3483241341588,2174.625350669482
2045-08-22 05:00:00,3021.354978614965,682.0773860956656,1390.8043451534495
2045-08-22 06:00:00,3112.1373812266606,1011.1763914714852,822.0561765168155
2045-08-22 07:00:00,3173.7648594115667,1512.5220585928064,468.3808447595809
2045-08-22 08:00:00,3090.522523461972,1970.1090734339543,348.89593538213694
2045-08-22 09:00:00,3110.729902116402,2535.3350999781323,344.1165390070391
2045-08-22 10:00:00,3167.2301349710797,3154.3806323738263,487.49843025997217
2045-08-22 11:00:00,3129.730870104897,3554.4510807137467,869.8501402677929
2045-08-22 12:00:00,3081.2733750231273,3909.853763498979,1252.201850275614
2045-08-22 13:00:00,3165.9231900829827,3888.580512875239,1371.6867596530583
2045-08-22 14:00:00,3140.4880318761607,3791.7902529148,1419.4807234040363
2045-08-22 15:00:00,3187.739116291995,3845.3673285597774,1562.8626146569688
2045-08-22 16:00:00,2977.3209893082953,3563.299783252399,1524.6274436561866
2045-08-22 17:00:00,2969.9819910905157,3179.290336095643,1386.0249487783517
2045-08-22 18:00:00,2989.385095967656,2743.582647394581,1261.7606430258097
2045-08-22 19:00:00,3145.313674539906,2306.42037745429,1424.260119779134
2045-08-22 20:00:00,2991.697383077368,1848.1666795451608,2188.9635397947745
2045-08-22 21:00:00,3049.2029581536576,1384.9431624019965,3039.696094562178
2045-08-22 22:00:00,2888.850873806309,991.1152918804364,3727.929172576256
2045-08-22 23:00:00,2977.1199208639723,724.7451024464171,4358.80949408916
2045-08-23 00:00:00,3063.855343802921,828.2400791248128,10141.694531569585
2045-08-23 01:00:00,2969.0815617931685,790.8158361680738,9501.166455891502
2045-08-23 02:00:00,3049.053595826117,741.1663405121332,8433.619663094702
2045-08-23 03:00:00,2951.1916793463843,761.3754317087723,6512.035436060463
2045-08-23 04:00:00,2934.579645645798,835.9744226692059,4430.31919010671
2045-08-23 05:00:00,3124.446671851853,949.7441212576932,3010.4819556869693
2045-08-23 06:00:00,3231.572991741528,1345.6094467556463,1857.5314194664284
2045-08-23 07:00:00,3160.971848514039,2088.1064270173515,1014.1694531569584
2045-08-23 08:00:00,3189.82993269903,2862.7050912375043,768.6336908136951
2045-08-23 09:00:00,3279.3858323284703,3586.5731150051897,822.0110304535351
2045-08-23 10:00:00,3248.7174624196973,4425.624642095284,1249.0297475722534
2045-08-23 11:00:00,3359.251378965903,5093.106806474816,2135.0935855935963
2045-08-23 12:00:00,3297.595176961805,5471.341155290928,2882.376340551355
2045-08-23 13:00:00,3167.0416300584834,5389.423645707843,3095.885699110713
2045-08-23 14:00:00,3098.889696927875,5204.963710423292,3458.8516086616232
2045-08-23 15:00:00,2959.0717466146098,5148.577851035137,3373.4478652378803
2045-08-23 16:00:00,2999.0045199333263,4974.014548888038,2935.7536801911947
2045-08-23 17:00:00,3123.701260083237,4362.751913927962,2999.8064877590023
2045-08-23 18:00:00,3334.013866228473,3638.9670551446266,3021.1574236149386
2045-08-23 19:00:00,3446.677530685012,3094.9848925223328,3544.255352085371
2045-08-23 20:00:00,3492.041161175073,2461.8498666786545,5337.733963983991
2045-08-23 21:00:00,3318.5731938785707,1774.4081060555293,7109.861640026676
2045-08-23 22:00:00,3171.514100670179,1183.0219023547015,8775.234636789677
2045-08-23 23:00:00,2986.332519866853,926.1252657027732,10077.641724001776
2045-08-24 00:00:00,2592.847915997383,468.3515049734701,13062.215022867074
2045-08-24 01:00:00,2543.070957944052,439.0028705556934,12795.14371199061
2045-08-24 02:00:00,2509.3386116127663,422.8293197000765,10877.086115696004
2045-08-24 03:00:00,2437.234513151048,420.5577535686694,8182.093796851684
2045-08-24 04:00:00,2580.572821487144,431.9610155483321,5584.218318326074
2045-08-24 05:00:00,2543.7475379564275,479.39131637210767,3411.229016194842
2045-08-24 06:00:00,2862.4167237852266,636.4928300202075,1905.9179912547688
2045-08-24 07:00:00,2910.647213238842,919.1665194124791,1177.5416888644108
2045-08-24 08:00:00,2870.0524124963204,1270.8958191995207,861.9119578285894
2045-08-24 09:00:00,2994.253171910941,1721.7108336385295,789.0743275895537
2045-08-24 10:00:00,2981.3981516758085,2172.843867335936,898.3307729481073
2045-08-24 11:00:00,2860.8702551855113,2502.8115635840995,1505.311024940073
2045-08-24 12:00:00,2976.3721287267354,2825.1922289533622,2610.0150835654485
2045-08-24 13:00:00,2893.249441492047,2965.75674116482,3726.858747230663
2045-08-24 14:00:00,2913.1602247133787,2905.3330820693964,4345.978604262466
2045-08-24 15:00:00,2887.0635670931865,2869.1697492573985,4467.374654660858
2045-08-24 16:00:00,2939.643499483501,2730.0590393700427,4273.14097402343
2045-08-24 17:00:00,2920.409296274544,2539.4292096223767,3301.972570836288
2045-08-24 18:00:00,3059.398161673941,2292.1465205574245,2549.317058366251
2045-08-24 19:00:00,3188.818252612601,1874.223783701188,2670.713108764644
2045-08-24 20:00:00,3067.6137761099285,1508.9559497709608,4176.024133704716
2045-08-24 21:00:00,3049.926041500686,1204.4297941945547,6749.620402150646
2045-08-24 22:00:00,2934.7141308219093,892.5891956750189,9468.891931074648
2045-08-24 23:00:00,2884.8405184810963,620.6372984229872,11702.579258405076
2045-08-25 00:00:00,2792.1147201772856,374.6084586270941,4288.349687782674
2045-08-25 01:00:00,2753.9944847285633,361.1603910524069,4410.071403811441
2045-08-25 02:00:00,2779.0229221443915,349.7257347247773,3998.0902110986954
2045-08-25 03:00:00,2817.528210476435,349.8017125076851,3239.6702881502306
2045-08-25 04:00:00,2820.2235806596777,378.17941442376264,2406.344693799447
2045-08-25 05:00:00,2931.600127160113,434.4409626670165,1577.7007039113118
2045-08-25 06:00:00,3102.9486602377056,592.3227955495031,870.7784300519403
2045-08-25 07:00:00,3001.390962261941,914.7725062103668,491.5684685777079
2045-08-25 08:00:00,2966.7362027631025,1309.6290439823988,365.1651480862972
2045-08-25 09:00:00,2996.0964851162853,1652.5927560283783,346.4387302357178
2045-08-25 10:00:00,2957.2061439009217,1937.9273197387631,496.2500730403529
2045-08-25 11:00:00,2997.444170207907,2200.810448599882,884.8232434398755
2045-08-25 12:00:00,2961.5379888382768,2437.0253756603497,1240.625182600884
2045-08-25 13:00:00,3109.879612137473,2466.048888731143,1240.6251826008836
2045-08-25 14:00:00,3028.729716977692,2357.552614738751,1165.719511198566
2045-08-25 15:00:00,2985.796320487464,2313.5614784351137,1329.5756673911355
2045-08-25 16:00:00,3055.7796820309527,2282.7524874659857,1615.1535396124707
2045-08-25 17:00:00,3069.256532947168,2107.1298422745185,1577.7007039113112
2045-08-25 18:00:00,3170.6217044812706,1719.1113049641908,1334.257271853779
2045-08-25 19:00:00,3318.867064559638,1334.0938900787232,1460.6605923451905
2045-08-25 20:00:00,3262.1680274907044,1107.7940636877286,2172.2644706672068
2045-08-25 21:00:00,3207.4905180592027,917.5456952865025,2911.957975765092
2045-08-25 22:00:00,3062.036791384909,670.9598008591154,3417.571257730735
2045-08-25 23:00:00,3023.0501869487157,464.4901758070663,3857.642077219346
2045-08-26 00:00:00,2925.7723565049955,362.7566981155867,4538.732805090668
2045-08-26 01:00:00,2913.334252893695,347.1490382865385,4150.490895082911
2045-08-26 02:00:00,2916.5409514809835,334.940379931372,3429.4702050685087
2045-08-26 03:00:00,2817.0361225905817,321.2403229703186,2643.7425300528125
2045-08-26 04:00:00,2887.389146141999,321.1709555933006,1807.1736525361005
2045-08-26 05:00:00,2966.4877112951112,352.66374475946884,1081.5310350216052
2045-08-26 06:00:00,3032.9538274679967,440.3441093102102,628.5821400125569
2045-08-26 07:00:00,3043.642822758958,609.1149375949838,406.7296200081249
2045-08-26 08:00:00,2981.1607866490667,859.9473728920414,318.91299750637063
2045-08-26 09:00:00,3028.678229351612,1164.1233211159342,332.77878000664765
2045-08-26 10:00:00,3094.3669640487915,1455.5009882800075,568.4970825113562
2045-08-26 11:00:00,3057.344171268281,1758.012119455468,1044.5556150208668
2045-08-26 12:00:00,3081.928860437492,2096.143398729668,1409.6878875281604
2045-08-26 13:00:00,3010.4097646725154,2254.4050693962163,1344.980902526868
2045-08-26 14:00:00,2960.9488682807037,2239.1442464522574,1312.6274100262217
2045-08-26 15:00:00,2952.980708154714,2210.426152366808,1502.1264375300068
2045-08-26 16:00:00,3027.9980205603692,2146.330696002184,1465.1510175292683
2045-08-26 17:00:00,2981.063613964603,2038.2216389196444,1229.4327150245597
2045-08-26 18:00:00,3154.030992309248,1803.9333230413768,1173.9695850234516
2045-08-26 19:00:00,3276.4685747329854,1493.8958314594652,1617.6746250323167
2045-08-26 20:00:00,3236.141910680722,1307.4710057236132,2542.0601250507807
2045-08-26 21:00:00,3259.074664214057,1113.0342479421836,3346.275510066846
2045-08-26 22:00:00,3059.7734883798635,799.8058570174425,3863.931390077187
2045-08-26 23:00:00,2978.4399514840948,504.16209616676264,4344.611850086791
2045-08-27 00:00:00,2650.604335523449,245.5965737068857,8530.639456533814
2045-08-27 01:00:00,2605.5493049098973,230.05583645400608,8640.949449506234
2045-08-27 02:00:00,2560.583140234441,222.6703777285665,8089.399484644138
2045-08-27 03:00:00,2589.109106362547,228.70865180050575,6747.294570146358
2045-08-27 04:00:00,2618.3459999954034,238.33139932550864,4890.409688443957
2045-08-27 05:00:00,2709.3447206034434,264.72178441282904,3198.9897962001824
2045-08-27 06:00:00,2834.1124976871233,393.5222600349924,1912.0398781886145
2045-08-27 07:00:00,2829.1360051538713,567.5015352870442,1057.1374326523585
2045-08-27 08:00:00,2862.9050616295112,726.9023480387168,689.4374560776245
2045-08-27 09:00:00,2849.3974390392546,956.910070755098,717.0149543207297
2045-08-27 10:00:00,2807.897045949456,1198.9702847465448,965.2124385086752
2045-08-27 11:00:00,2795.811278368701,1344.297829242901,1663.8423940006696
2045-08-27 12:00:00,2719.208839731854,1514.8850859923896,2224.5848582771396
2045-08-27 13:00:00,2775.727576359504,1531.6527235547069,2206.199859448402
2045-08-27 14:00:00,2789.8572605164168,1520.5865639009546,2334.8948512495576
2045-08-27 15:00:00,2751.644907136087,1539.254694099459,2877.252316697292
2045-08-27 16:00:00,2715.6542022081026,1416.059468910611,3189.7972967858136
2045-08-27 17:00:00,2787.1912823736025,1284.083486605196,2941.599812597868
2045-08-27 18:00:00,2929.3767833236657,1137.9620654380278,2803.7123213823434
2045-08-27 19:00:00,3048.9903359979053,953.3737110396598,2831.289819625448
2045-08-27 20:00:00,2905.7384437907176,764.623518336728,4007.929744664597
2045-08-27 21:00:00,2881.6557745673013,607.0269707459938,5331.649660333637
2045-08-27 22:00:00,2724.540796017481,447.5299305190714,6306.054598256678
2045-08-27 23:00:00,2614.4358987192772,317.4063271122198,7537.849519782036
2045-08-28 00:00:00,2618.9939098821205,422.8815294565728,7899.901644615013
2045-08-28 01:00:00,2629.44407814958,408.5611671646705,7416.2341969855215
2045-08-28 02:00:00,2571.014006880221,390.1785817584464,6497.266046489489
2045-08-28 03:00:00,2632.170209001961,394.2818374294785,5030.1414553467
2045-08-28 04:00:00,2765.023652541313,406.632636999285,3434.0388781693837
2045-08-28 05:00:00,2806.7334545827366,447.7472588230272,2257.114755604289
2045-08-28 06:00:00,2956.7615224920874,638.3024521857598,1394.5744739983647
2045-08-28 07:00:00,2897.9679671090776,935.2960976550664,781.9290403343431
2045-08-28 08:00:00,2965.5760122481183,1194.252563053904,572.3398130282304
2045-08-28 09:00:00,2926.9558251727253,1474.2587300451382,596.523185409705
2045-08-28 10:00:00,2913.8703970812976,1825.0050248049652,846.4180333516085
2045-08-28 11:00:00,2953.581036497643,2141.9815253921975,1483.2468393971044
2045-08-28 12:00:00,2900.8758400182837,2497.282433946871,2128.1367695697586
2045-08-28 13:00:00,2930.136311167169,2584.1073239459115,2410.2761140202947
2045-08-28 14:00:00,2829.360340657497,2577.9114078826533,2611.80421719925
2045-08-28 15:00:00,2834.2673761917818,2630.843406038966,2644.0487137078826
2045-08-28 16:00:00,2868.434882874953,2537.1250465125936,2345.787121003029
2045-08-28 17:00:00,2846.444093999083,2249.2406286329774,2192.6257625870244
2045-08-28 18:00:00,2900.966711046696,1920.364686599752,2168.442390205549
2045-08-28 19:00:00,3055.2657172914423,1652.5041563947743,2466.7039829104015
2045-08-28 20:00:00,3008.2853956020817,1465.9291210329422,3772.6060915100265
2045-08-28 21:00:00,2973.300049663197,1254.242160964394,5255.85293090713
2045-08-28 22:00:00,2864.436557624795,887.4521365308311,6561.755039506755
2045-08-28 23:00:00,2729.947435574015,584.0984447714252,7641.945672545952
2045-08-29 00:00:00,2922.124564387002,342.6132424915593,4421.187704904067
2045-08-29 01:00:00,2850.7940267426893,327.5014247662252,4068.276934667821
2045-08-29 02:00:00,2780.117041144857,322.23927395115345,3499.6984715094277
2045-08-29 03:00:00,2720.457075759105,324.1282511668203,2686.0430845758624
2045-08-29 04:00:00,2736.142324874608,336.0018222367257,1926.304620872836
2045-08-29 05:00:00,2703.558087128712,375.09690425382905,1352.8246192389383
2045-08-29 06:00:00,2837.442892078899,529.453328162599,813.6553869335642
2045-08-29 07:00:00,2831.000736192174,789.3900857327434,460.7446166973193
2045-08-29 08:00:00,2870.774046449343,1044.536936791733,352.9107702362447
2045-08-29 09:00:00,2921.190918606317,1313.648726552259,377.4184626137614
2045-08-29 10:00:00,2963.8585307836083,1562.9599872842773,593.0861555359108
2045-08-29 11:00:00,3043.031692985672,1761.7748392332048,1097.9446185127615
2045-08-29 12:00:00,2950.694125275954,2043.738420407464,1583.1969275875977
2045-08-29 13:00:00,2951.1609481662963,2143.381968533886,1637.113850818135
2045-08-29 14:00:00,3001.7645494794074,2087.85953108768,1475.3630811265227
2045-08-29 15:00:00,3006.712872117037,2125.436684985051,1235.187695826856
2045-08-29 16:00:00,3047.233098998753,2053.183306485797,1235.1876958268556
2045-08-29 17:00:00,3056.5695568056,1879.2624757004776,1367.5292346654485
2045-08-29 18:00:00,3148.720395359181,1599.1541400058911,1426.3476963714882
2045-08-29 19:00:00,3248.7138584705126,1260.048998057714,1784.1600050832376
2045-08-29 20:00:00,3230.507765747161,1100.7340089578192,2774.2707771349237
2045-08-29 21:00:00,3158.2435823221645,988.4747915696228,3754.5784722356047
2045-08-29 22:00:00,3087.6599613024005,756.5016431385454,4381.975397100038
2045-08-29 23:00:00,3020.53082967117,489.1439036497096,4587.84001307118
2045-08-30 00:00:00,2751.202548559492,797.6644819986341,8470.561661890377
2045-08-30 01:00:00,2792.585640879719,755.8152644362958,8150.917825592631
2045-08-30 02:00:00,2701.9975970314845,739.9493522835414,7128.057549439827
2045-08-30 03:00:00,2751.657307815758,725.0032031541347,5513.856176136189
2045-08-30 04:00:00,2748.201137468135,725.3097908285843,3659.921925609239
2045-08-30 05:00:00,2777.3057298691742,797.8944227544714,2237.5068540842503
2045-08-30 06:00:00,2812.049337047915,1024.4627141725523,1342.50411245055
2045-08-30 07:00:00,2903.0921401524156,1471.0076620080515,807.1006866518193
2045-08-30 08:00:00,2900.727392019831,2025.394824331115,551.3856176136194
2045-08-30 09:00:00,2899.272162399779,2693.985895386566,567.367809428507
2045-08-30 10:00:00,2810.5941074278626,3318.8115759143725,727.1897275773814
2045-08-30 11:00:00,2740.743085665368,3846.525610560342,1158.7089065793443
2045-08-30 12:00:00,2714.9127599094463,4538.187404118108,1662.1479487483002
2045-08-30 13:00:00,2688.172915640991,4961.738276369907,2125.631511380038
2045-08-30 14:00:00,2621.9599679286266,4858.878111592144,2788.8924716978704
2045-08-30 15:00:00,2748.201137468135,4856.578704033774,3108.53630799562
2045-08-30 16:00:00,2727.6460190849,4725.742413962506,2780.9013757904254
2045-08-30 17:00:00,2808.593166700291,4441.075758236271,2125.631511380038
2045-08-30 18:00:00,2968.577473054754,3982.1140095855712,1901.880825971613
2045-08-30 19:00:00,3124.1960905490614,3156.933283805108,2029.7383604907136
2045-08-30 20:00:00,3093.818172230476,2718.512909342515,2972.687677569076
2045-08-30 21:00:00,3033.971854105839,2414.1479955329087,4347.156173649401
2045-08-30 22:00:00,3029.3333096919237,1852.7093166975092,5945.375355138148
2045-08-30 23:00:00,2960.300854590708,1186.2643593632042,7607.523303886454
2045-08-31 00:00:00,2966.134169393134,557.1078124705133,5087.604898506473
2045-08-31 01:00:00,2903.186038587572,540.1579513219476,4989.135126277313
2045-08-31 02:00:00,2858.666201148275,526.116977235182,4496.786265131526
2045-08-31 03:00:00,2851.6415546670746,526.4526180500051,3490.2063712334725
2045-08-31 04:00:00,2875.8172860634136,565.3310124336789,2423.4505054175984
2045-08-31 05:00:00,2912.856331146108,641.1858365836954,1635.6923275843385
2045-08-31 06:00:00,3022.1488828925767,915.9637836521916,935.4628361769962
2045-08-31 07:00:00,2913.586164546751,1390.8955366268533,508.7604898506476
2045-08-31 08:00:00,2952.3585639559747,1884.567235095805,415.76126052310985
2045-08-31 09:00:00,2908.02118486684,2321.01217463742,421.2318034247296
2045-08-31 10:00:00,2984.106316883998,2712.425304856937,678.3473198008633
2045-08-31 11:00:00,2933.017978838903,3102.6077520887716,1121.4612948320712
2045-08-31 12:00:00,2916.414268974248,3536.199744704388,1416.8706115195434
2045-08-31 13:00:00,2856.3854717712616,3560.9252847296893,1416.8706115195434
2045-08-31 14:00:00,2886.217412022593,3450.83509746772,1657.5744991908182
2045-08-31 15:00:00,2904.6457053888603,3484.343238814225,1712.2799282070168
2045-08-31 16:00:00,2874.2663900870452,3385.664839256239,1646.6334133875782
2045-08-31 17:00:00,2789.8794031375587,3083.923746730287,1734.1620998134958
2045-08-31 18:00:00,2885.1226619216277,2473.3371644312965,1548.1636411584211
2045-08-31 19:00:00,2981.916816682065,1984.5322577772808,1849.0435007475128
2045-08-31 20:00:00,2863.136430727221,1760.6038941544805,2735.2714508099302
2045-08-31 21:00:00,2815.3323429850257,1507.8663605926988,3468.3241996269885
2045-08-31 22:00:00,2863.3188890773818,1082.6653883476563,4256.082377460252
2045-08-31 23:00:00,2712.06091679387,704.1184893630237,4923.488611457877
2045-09-01 00:00:00,2504.6100603676277,562.3171383161459,4833.001526431544
2045-09-01 01:00:00,2556.2316608572837,545.2087847756505,4645.216191048725
2045-09-01 02:00:00,2555.444212714221,519.9697285624446,4002.7926752653902
2045-09-01 03:00:00,2588.954505913439,533.9726053876684,3044.099120942569
2045-09-01 04:00:00,2556.2316608572837,573.4403912781179,2110.114163380645
2045-09-01 05:00:00,2679.423548127514,649.5528024087702,1368.8562605537202
2045-09-01 06:00:00,2712.321381659906,943.9519950165017,775.8499382921814
2045-09-01 07:00:00,2737.607216476025,1438.118035235692,454.6381804005137
2045-09-01 08:00:00,2729.8202292835176,1918.7329043336977,360.7455127091031
2045-09-01 09:00:00,2799.640631301731,2353.1608651936676,355.8037933569236
2045-09-01 10:00:00,2882.760157513889,2821.071511365561,533.7056900353857
2045-09-01 11:00:00,2883.897582609424,3219.7582583934063,924.1015188575658
2045-09-01 12:00:00,2830.001131928698,3591.9637585219366,1314.4973476797463
2045-09-01 13:00:00,2855.899426411644,3580.614652707944,1462.7489282451306
2045-09-01 14:00:00,2845.5751063137127,3503.824683021232,1576.4084733452598
2045-09-01 15:00:00,2848.287427695373,3515.9642738172947,1571.466753993081
2045-09-01 16:00:00,2762.805557054028,3414.7821961124487,1526.991279823465
2045-09-01 17:00:00,2786.341507107785,3021.120675042044,1433.098612132054
2045-09-01 18:00:00,2941.731274005462,2469.4186207708267,1255.1967154535917
2045-09-01 19:00:00,2944.1811126727684,2056.1643647877095,1522.049560471285
2045-09-01 20:00:00,2986.0908527313204,1739.80098232106,2342.374972933082
2045-09-01 21:00:00,2948.64331881679,1434.5608528163816,3222.0010176210317
2045-09-01 22:00:00,2918.7202893804124,1008.0377417771034,4032.442991378467
2045-09-01 23:00:00,2870.5984584154785,710.6459988801105,4625.449313640008
2045-09-02 00:00:00,2948.023234058667,470.2956629081282,5080.40409015104
2045-09-02 01:00:00,2902.50777235854,442.200077851279,4822.917723008882
2045-09-02 02:00:00,2916.766765546753,425.5212606352564,4099.975230648209
2045-09-02 03:00:00,2867.474087108026,432.47468302390814,3010.6098312006175
2045-09-02 04:00:00,2916.011322199033,463.0133624335268,2005.4226671648853
2045-09-02 05:00:00,3051.046820603976,525.5471813476845,1297.3351575239503
2045-09-02 06:00:00,2895.425490973665,726.2567789444408,747.7007968935746
2045-09-02 07:00:00,2982.7736280537847,1104.8424384562998,430.7944988724566
2045-09-02 08:00:00,2956.144250046656,1544.0356309503236,356.51958527375723
2045-09-02 09:00:00,3004.870345974593,2016.1166320393224,341.66460255401734
2045-09-02 10:00:00,2931.3090499903633,2468.6528783061644,480.3111079382563
2045-09-02 11:00:00,2923.754616513163,2776.1069060854657,807.1207277725341
2045-09-02 12:00:00,2896.558655995245,3020.651254280953,1218.1085830186707
2045-09-02 13:00:00,2937.635888027518,3067.6338379880567,1549.8698637595285
2045-09-02 14:00:00,2996.749329986604,2948.532988290545,1802.4045699951064
2045-09-02 15:00:00,3077.0151856818493,2901.5034219997315,1718.2263345832466
2045-09-02 16:00:00,3097.1288648148934,2780.382321202811,1470.643289254249
2045-09-02 17:00:00,3203.9296680988023,2542.086656640372,1351.8034274963295
2045-09-02 18:00:00,3267.953491818069,2203.718088781796,1143.833669419971
2045-09-02 19:00:00,3228.670437736631,1756.2089789716138,1356.7550884029097
2045-09-02 20:00:00,3210.256506135957,1361.602258415633,2139.117511642544
2045-09-02 21:00:00,3125.930142446717,1046.1142088224176,3099.739727519057
2045-09-02 22:00:00,2978.618689641325,778.6423597778639,4149.491839714007
2045-09-02 23:00:00,2922.9991731654436,579.0603441900784,4912.0476193273225
2045-09-03 00:00:00,2627.074861314484,275.61581852229756,2783.945968234282
2045-09-03 01:00:00,2579.003158425873,261.7627020886981,2789.6274906184326
2045-09-03 02:00:00,2596.658583850417,250.58006593145504,2499.8698490267016
2045-09-03 03:00:00,2616.2368773905064,257.45098914249735,1971.4882673006043
2045-09-03 04:00:00,2673.048889895228,282.4589242304613,1397.6545065012929
2045-09-03 05:00:00,2804.852758906181,321.84850830672025,906.2028202721802
2045-09-03 06:00:00,2826.7909360426197,456.5964922512104,519.8592981498709
2045-09-03 07:00:00,2793.927371886043,718.7486393802105,292.5984027838072
2045-09-03 08:00:00,2761.500823210271,986.464287084954,213.0570894056848
2045-09-03 09:00:00,2771.552179268798,1230.1456123024882,204.53480582945735
2045-09-03 10:00:00,2722.08202684161,1484.953938671507,267.03155205512496
2045-09-03 11:00:00,2798.734542174904,1673.0002581316132,454.52179073212767
2045-09-03 12:00:00,2681.177377838211,1802.5185515349044,667.5788801378126
2045-09-03 13:00:00,2773.7372566728263,1801.9900189802088,781.2093278208449
2045-09-03 14:00:00,2780.292488884909,1714.6708774439264,860.7506411989672
2045-09-03 15:00:00,2853.885895852564,1711.5831346243892,931.7696710008616
2045-09-03 16:00:00,2794.8888059438145,1660.6492868534638,957.3365217295442
2045-09-03 17:00:00,2727.9380342844047,1470.544472180333,874.9544471593465
2045-09-03 18:00:00,2855.98357016043,1222.9408790569,747.1201935159351
2045-09-03 19:00:00,2891.906242682647,983.6269017913246,778.3685666287685
2045-09-03 20:00:00,2866.6467478920868,787.9307690395719,1159.0305663669253
2045-09-03 21:00:00,2943.1244570330573,604.029257508394,1647.6414914039633
2045-09-03 22:00:00,2881.854886624119,437.4302327677764,2107.844804520242
2045-09-03 23:00:00,2835.2690363702477,327.2451038651905,2522.595938563308
2045-09-04 00:00:00,2722.4207430488545,823.1601251917402,8891.17396531725
2045-09-04 01:00:00,2696.316936128455,790.8202370471463,8620.101588325871
2045-09-04 02:00:00,2647.6974744416616,738.2781013966096,7409.311637764378
2045-09-04 03:00:00,2695.5096018938034,741.6994497645512,5800.948867615527
2045-09-04 04:00:00,2615.31440125175,806.8679901063022,4011.871179472422
2045-09-04 05:00:00,2655.6811129843272,908.4494523640064,2412.54415522328
2045-09-04 06:00:00,2723.497188695057,1180.853950992525,1310.1831554583357
2045-09-04 07:00:00,2764.581530858435,1902.2696925757075,840.3243686732771
2045-09-04 08:00:00,2760.1860444697772,2684.6180193784267,650.5737047793116
2045-09-04 09:00:00,2814.905364818381,3281.317466882581,659.609450679024
2045-09-04 10:00:00,2775.345987320456,4054.705119388309,1102.3609997649442
2045-09-04 11:00:00,2795.7984545982954,4799.581535494518,1879.4351471402344
2045-09-04 12:00:00,2755.252335258017,5192.629294430703,2376.4011716244304
2045-09-04 13:00:00,2739.5541695842376,5338.362442769943,2222.7934913293143
2045-09-04 14:00:00,2748.5245499692546,5067.424236299113,2530.008851919544
2045-09-04 15:00:00,2788.622150290281,5021.073111981043,3081.1893518020156
2045-09-04 16:00:00,2740.98943044584,5060.825921589514,3234.7970320971317
2045-09-04 17:00:00,2828.2712315920567,4406.207933856628,2701.6880240140836
2045-09-04 18:00:00,2853.208889062405,3697.500057640089,2295.079458527016
2045-09-04 19:00:00,2970.7208721061293,3099.9860033816626,2999.8676387046044
2045-09-04 20:00:00,2920.127926734632,2609.103973257425,4481.729966257482
2045-09-04 21:00:00,2917.795627834528,1991.2247501421984,5728.662900417825
2045-09-04 22:00:00,2811.2275088605243,1358.0309200466604,6831.023900182769
2045-09-04 23:00:00,2655.053186357376,992.1910267031568,8059.885342543691
2045-09-05 00:00:00,2564.1373572421053,725.0397072794541,3388.1513825969187
2045-09-05 01:00:00,2551.638018698592,699.8488591820479,3509.4274947256663
2045-09-05 02:00:00,2607.663422666682,657.3883645136154,3342.672840548637
2045-09-05 03:00:00,2612.007164430031,664.0250468735552,2736.2922799048933
2045-09-05 04:00:00,2645.9592684170225,689.2158949709617,2020.005242644472
2045-09-05 05:00:00,2837.527144959812,773.8514356041733,1409.834803496704
2045-09-05 06:00:00,2786.200073919425,1030.3270958366886,833.7732708851472
2045-09-05 07:00:00,2776.448816899663,1527.293288897134,428.2562709546434
2045-09-05 08:00:00,2765.9883775511908,2132.65862716993,299.4004018178483
2045-09-05 09:00:00,2730.263317742424,2738.166689794552,295.6105233138249
2045-09-05 10:00:00,2600.660247170671,3404.6180506491587,375.1979718983161
2045-09-05 11:00:00,2624.8610941379,3982.651675547149,644.2793456839772
2045-09-05 12:00:00,2609.347730697368,4461.705962453348,924.7303549817092
2045-09-05 13:00:00,2666.082316994169,4608.497958307072,1019.4773175822936
2045-09-05 14:00:00,2708.012722179148,4551.47957975232,1034.636831598387
2045-09-05 15:00:00,2755.350642620541,4437.870995698296,1057.3761026225277
2045-09-05 16:00:00,2788.8595076520887,4374.287296959518,1174.8623362472524
2045-09-05 17:00:00,2806.411770287661,3950.110523330672,1280.978934359907
2045-09-05 18:00:00,2934.773771784171,3429.5234500429137,1182.4420932552991
2045-09-05 19:00:00,2928.834369781225,2878.1792789365104,1129.3837941989716
2045-09-05 20:00:00,2878.039185487371,2351.8118693997735,1622.0679997220132
2045-09-05 21:00:00,2841.870886723161,1914.3617310510483,2228.4485603657577
2045-09-05 22:00:00,2903.303805947665,1346.7469838364038,2728.7125228968453
2045-09-05 23:00:00,2737.709732193879,967.8138297366096,3138.0194013313726
2045-09-06 00:00:00,2658.751878339829,659.6741578343449,9929.632261887244
2045-09-06 01:00:00,2721.998915115737,624.7287721568873,9753.36660043362
2045-09-06 02:00:00,2652.6282490566127,602.0718737506239,8558.677117247977
2045-09-06 03:00:00,2714.7785164086604,608.408124999833,6658.924988247852
2045-09-06 04:00:00,2657.198121656028,621.5286452633475,4671.040028520922
2045-09-06 05:00:00,2627.5853472118165,687.1312465809184,2986.7237079641127
2045-09-06 06:00:00,2678.219535613338,939.6852610190988,1752.8640777887745
2045-09-06 07:00:00,2702.8054501981924,1378.1026454340852,998.8387482371786
2045-09-06 08:00:00,2750.697715040065,1832.9046795439965,714.8551825619023
2045-09-06 09:00:00,2874.449865032232,2380.5743961044404,675.6850355722091
2045-09-06 10:00:00,2812.025405324219,2971.829840954899,802.988013288712
2045-09-06 11:00:00,2922.616322230069,3400.582842151393,1419.9178283763815
2045-09-06 12:00:00,2814.401739075915,3883.802003075941,2311.0386723919023
2045-09-06 13:00:00,2871.707941472583,4109.666959221998,2957.346097721842
2045-09-06 14:00:00,2839.627435824687,4041.824269078949,3153.196832670308
2045-09-06 15:00:00,2771.262141737434,4053.600736047176,3309.8774206290823
2045-09-06 16:00:00,2676.391586573572,3902.8107568235696,3231.537126649695
2045-09-06 17:00:00,2684.160369992578,3544.3325422092134,2800.665509763069
2045-09-06 18:00:00,2807.364135272815,3166.07754339278,2418.7565766135604
2045-09-06 19:00:00,2906.347575776151,2590.5027203206673,2448.134186855829
2045-09-06 20:00:00,2843.5575262601837,2151.317305451231,3779.919184505399
2045-09-06 21:00:00,2824.272663890651,1824.4563445450524,5758.01160748491
2045-09-06 22:00:00,2816.778072827611,1371.9584017984896,7540.253295515956
2045-09-06 23:00:00,2734.2461736821697,937.637179807234,9048.303954619145
2045-09-07 00:00:00,2795.215392610003,776.0871825530357,10128.100093552
2045-09-07 01:00:00,2733.837608591521,732.3473108783021,10066.46865282045
2045-09-07 02:00:00,2683.126085820153,698.8774428569267,8998.19034680685
2045-09-07 03:00:00,2709.6046115476383,687.9424749382437,7005.440429819949
2045-09-07 04:00:00,2725.97825819891,713.5066566940839,4899.699538158528
2045-09-07 05:00:00,2833.857198707005,774.7572540223847,3215.1068248293905
2045-09-07 06:00:00,2809.998456443723,1055.8154834998936,1848.9432219466137
2045-09-07 07:00:00,2901.129495519945,1538.284000452608,1047.734492436414
2045-09-07 08:00:00,2847.517498198924,1986.0266057716672,760.1211023558296
2045-09-07 09:00:00,2936.403008591543,2556.7137152575433,749.8491955672374
2045-09-07 10:00:00,2886.252867991076,3298.9616051973576,986.10305170486
2045-09-07 11:00:00,2792.3149180603496,3964.369180032909,1622.9612725975835
2045-09-07 12:00:00,2709.885302633089,4568.230617866684,2362.53856137623
2045-09-07 13:00:00,2775.4734529333277,4764.912270566244,2855.5900872286597
2045-09-07 14:00:00,2719.4287995384016,4691.544546625348,3328.097799503907
2045-09-07 15:00:00,2782.584293764737,4800.229261546855,3389.7292402354597
2045-09-07 16:00:00,2680.69342974625,4544.291904314972,3369.185426658275
2045-09-07 17:00:00,2895.047855335188,4072.462815607461,3091.843943366281
2045-09-07 18:00:00,2989.9214422174146,3591.028687511918,2680.9676718225887
2045-09-07 19:00:00,3054.2932644807015,3142.325578254056,2835.0462736514746
2045-09-07 20:00:00,3040.0715828178827,2758.19788765112,4170.394156168474
2045-09-07 21:00:00,2937.3386455430436,2166.4535764299408,5937.162123806348
2045-09-07 22:00:00,2752.1760928409462,1496.2434819003738,7786.105345752961
2045-09-07 23:00:00,2612.953314457559,978.753513640524,9326.8913640418
2045-09-08 00:00:00,2609.614520566651,939.1479794651058,6547.54106868534
2045-09-08 01:00:00,2564.046176887683,890.0263553718365,6150.720397855924
2045-09-08 02:00:00,2475.114409385183,849.4359091375446,5357.079056197098
2045-09-08 03:00:00,2531.891095662606,826.9854410876045,4166.617043708857
2045-09-08 04:00:00,2619.5366599161025,835.9656283075806,2891.1220303285945
2045-09-08 05:00:00,2713.429497093329,917.5955301371636,1899.0703532550567
2045-09-08 06:00:00,2789.039873802584,1152.8764353005383,1105.4290115962272
2045-09-08 07:00:00,2820.276238421229,1634.9328852688575,637.7475066901312
2045-09-08 08:00:00,2827.350356290747,2293.0010047487103,517.2840887597731
2045-09-08 09:00:00,2873.010571630357,3103.8221088403566,545.6284223904454
2045-09-08 10:00:00,2815.590783728433,3970.320373695856,942.4490932198604
2045-09-08 11:00:00,2864.374635529907,4754.111114255376,1651.0574339866723
2045-09-08 12:00:00,2735.111209005096,5494.527550542411,2104.566772077432
2045-09-08 13:00:00,2815.2232970858604,5871.964819398007,1941.5868537010651
2045-09-08 14:00:00,2773.237948171973,5795.5434261560085,2012.4476877777456
2045-09-08 15:00:00,2793.9090718166663,5712.207288754631,2132.9111057081027
2045-09-08 16:00:00,2828.360944557821,5527.93384700072,2076.22243844676
2045-09-08 17:00:00,2572.4983696668464,5148.969946317727,2097.480688669764
2045-09-08 18:00:00,2805.025542754479,4639.972934689478,2012.4476877777463
2045-09-08 19:00:00,2937.504477401799,3887.5230475276767,2621.850860837205
2045-09-08 20:00:00,2902.685118018071,3277.5887315468954,3982.3788751094858
2045-09-08 21:00:00,2942.557418737168,2662.80511446733,5016.947052629028
2045-09-08 22:00:00,2829.0040461823223,1905.68552995114,5810.588394287857
2045-09-08 23:00:00,2831.3008376984,1268.3616429494316,6462.508067793325
2045-09-09 00:00:00,2818.8832091626723,415.37723726594857,9516.102420520518
2045-09-09 01:00:00,2797.9781044760457,406.87512495032985,9049.427888170898
2045-09-09 02:00:00,2759.473818634632,380.6739038238319,8258.11020288241
2045-09-09 03:00:00,2637.5435801368226,386.5191060408197,6492.863058777324
2045-09-09 04:00:00,2647.655816822447,394.8168406565439,4494.278648497429
2045-09-09 05:00:00,2765.307801337877,442.6003468919203,3134.835445565926
2045-09-09 06:00:00,2933.0348040561553,608.7185413663171,1978.2942132212152
2045-09-09 07:00:00,2968.7193315910004,869.667988591845,1034.800049992636
2045-09-09 08:00:00,2913.6854280903945,1184.6957752095054,740.5921926417885
2045-09-09 09:00:00,2921.9502369199904,1514.5205072995411,791.3176852884864
2045-09-09 10:00:00,2905.906784486069,1877.2091735326408,1095.6706411686728
2045-09-09 11:00:00,3006.8346852521972,2209.322935861497,1876.843227927819
2045-09-09 12:00:00,2975.9145769250017,2536.9403887926696,2637.7256176282876
2045-09-09 13:00:00,3002.0702660445477,2594.656651242928,2982.658967625834
2045-09-09 14:00:00,2991.6663302237616,2628.8694782052985,3276.866824976679
2045-09-09 15:00:00,2922.7281012804237,2560.975206300286,3124.690347036585
2045-09-09 16:00:00,2915.630088991475,2510.8617942861097,2729.031504392343
2045-09-09 17:00:00,2971.928022077785,2272.026014189184,2901.4981793911165
2045-09-09 18:00:00,3087.5381126470793,1952.5427937138209,3002.9491646845113
2045-09-09 19:00:00,3197.411453558183,1680.4751996140217,3205.8511352713017
2045-09-09 20:00:00,3177.6731454122064,1398.433973759362,4768.196308789595
2045-09-09 21:00:00,3183.896060295667,1179.4228305522215,6533.443452894683
2045-09-09 22:00:00,3074.8978167900486,812.8918635611019,8156.659217589015
2045-09-09 23:00:00,2860.498952445816,573.115946044663,9414.65143522712
2045-09-10 00:00:00,2670.603561541516,291.55452793465855,7719.369021287615
2045-09-10 01:00:00,2704.283564778836,281.2960742134708,7481.116891000954
2045-09-10 02:00:00,2729.903396301241,269.7335797650135,6480.45794379701
2045-09-10 03:00:00,2784.021692101378,265.44473470643777,4987.411260667304
2045-09-10 04:00:00,2819.7167382674256,281.2381168478144,3478.481102185159
2045-09-10 05:00:00,2943.018174620575,318.5916390133819,2231.6282870183313
2045-09-10 06:00:00,2997.9041058221324,425.40706391817776,1246.8528151668258
2045-09-10 07:00:00,2994.161883240208,632.6046461399064,746.523341564851
2045-09-10 08:00:00,3024.387527171136,901.6137588342144,579.7468503641927
2045-09-10 09:00:00,2918.4538417751232,1159.9876949305678,579.7468503641928
2045-09-10 10:00:00,2928.7209652691204,1395.671322372431,889.4746197368436
2045-09-10 11:00:00,2878.9206186019733,1632.89082000419,1524.81363383459
2045-09-10 12:00:00,2950.1188020837126,1846.6086058622657,2096.6187465225626
2045-09-10 13:00:00,2898.015549212306,1881.4699613046068,2231.6282870183313
2045-09-10 14:00:00,2940.331450715604,1833.1335183471465,2438.1134666000994
2045-09-10 15:00:00,2929.680509520896,1797.3738237371294,2525.4725810385385
2045-09-10 16:00:00,2953.4772069649275,1756.3110301695506,2565.1812694196483
2045-09-10 17:00:00,3042.6188679548686,1631.7316726910597,2350.7543521616585
2045-09-10 18:00:00,3138.669247557596,1360.31732932201,2048.96832046523
2045-09-10 19:00:00,3133.775571873541,1110.1153817832123,2509.5891056860946
2045-09-10 20:00:00,3211.498656267355,941.5463837714938,3796.15060923403
2045-09-10 21:00:00,3126.7708988355794,764.4286743254512,5114.479063486853
2045-09-10 22:00:00,3014.7920846533807,534.2799753037771,6321.62319027257
2045-09-10 23:00:00,2926.226150214504,360.03115545772766,7274.631711419192
2045-09-11 00:00:00,2737.80583873612,537.4795801077222,7326.505984702599
2045-09-11 01:00:00,2719.261293059824,515.9548861550248,7165.483875148696
2045-09-11 02:00:00,2771.5492646316497,499.9043736273344,6279.862272602228
2045-09-11 03:00:00,2741.916227726228,494.6427817722306,4878.9699194832665
2045-09-11 04:00:00,2706.643354764612,502.77433282102754,3582.741937574348
2045-09-11 05:00:00,2809.9766221670684,569.2085734157724,2447.536065219329
2045-09-11 06:00:00,2851.4628738346587,734.2843744455937,1376.739036685873
2045-09-11 07:00:00,2956.2299978615715,1054.6568562896905,772.9061258587359
2045-09-11 08:00:00,2933.8618345200593,1542.071592685213,611.8840163048327
2045-09-11 09:00:00,2996.9515259961195,2071.472769136615,595.7818053494423
2045-09-11 10:00:00,3003.642856910247,2493.7819497492883,893.6727080241635
2045-09-11 11:00:00,3032.415579840996,2850.1883636919747,1634.3744119721189
2045-09-11 12:00:00,2918.280592534305,3270.5310907830417,2391.178326875462
2045-09-11 13:00:00,2976.112809720693,3455.5371639912883,2519.9960145185855
2045-09-11 14:00:00,2984.6203590257983,3397.7128009776225,2286.5139556654267
2045-09-11 15:00:00,2913.596660894415,3272.8695760519754,2101.3385296784377
2045-09-11 16:00:00,2894.2873916850763,3216.2676030652565,2342.8716940092927
2045-09-11 17:00:00,2884.8239379636666,3072.4507590257517,2503.893803563196
2045-09-11 18:00:00,3057.077913781637,2689.098617097836,2254.3095337546465
2045-09-11 19:00:00,3147.41088112236,2097.142959702424,2672.9670185947957
2045-09-11 20:00:00,3094.644957342382,1701.1948857577452,4138.268215535315
2045-09-11 21:00:00,3066.6369579446764,1486.9577466878118,5651.8760453420045
2045-09-11 22:00:00,2979.9364273859087,1126.5121309169651,6698.519757442377
2045-09-11 23:00:00,2992.076413472969,764.6846829417486,7181.586086104089
2045-09-12 00:00:00,2732.6327474079167,691.179578575525,7785.507710201365
2045-09-12 01:00:00,2703.9607602154433,654.3229564775711,7175.509167958782
2045-09-12 02:00:00,2689.3957571368383,623.8673930620772,6067.880235991986
2045-09-12 03:00:00,2679.868962670329,613.625699170141,4607.094253253175
2045-09-12 04:00:00,2741.7015229096896,640.5775252015517,3138.28197390591
2045-09-12 05:00:00,2781.1827576699325,715.4362220037946,2022.6267453306632
2045-09-12 06:00:00,2871.962116480608,903.2904494427266,1195.918194659797
2045-09-12 07:00:00,2946.7108115255223,1357.6982363323102,722.3666947609519
2045-09-12 08:00:00,2860.694849948102,1954.1421464074276,561.8407625918514
2045-09-12 09:00:00,2901.7333491884474,2574.1015246949505,593.9459490256717
2045-09-12 10:00:00,2939.382508089747,3216.4309185885454,955.1292964061464
2045-09-12 11:00:00,2840.6336192926647,3779.185046124398,1693.5485843840063
2045-09-12 12:00:00,2805.640970386835,4216.680562179271,2335.652313060408
2045-09-12 13:00:00,2884.96985507911,4440.717616065373,2431.967872361869
2045-09-12 14:00:00,2923.90146708167,4285.272959429212,2536.3097282717818
2045-09-12 15:00:00,2971.2606280353716,4199.296634389014,2512.2308384464172
2045-09-12 16:00:00,3077.2462164752824,4119.519229336036,2335.6523130604064
2045-09-12 17:00:00,3012.482334861612,3795.1540030480087,2159.0737876743992
2045-09-12 18:00:00,3018.986204160863,3346.5408587551806,2102.889711415214
2045-09-12 19:00:00,3172.422557347423,2729.680940461268,2728.9408468747047
2045-09-12 20:00:00,3137.613116027487,2244.278553635563,4221.832016047335
2045-09-12 21:00:00,3001.5814835008946,1773.5649119969755,5666.565405569237
2045-09-12 22:00:00,2890.8324978277305,1279.8748386666118,6838.404710403668
2045-09-12 23:00:00,2715.5944419197376,889.5450181667071,7673.139557682992
2045-09-13 00:00:00,2799.429761307074,461.9786064098315,7017.978382206476
2045-09-13 01:00:00,2766.8869764771393,441.61516504589537,6750.909437429062
2045-09-13 02:00:00,2756.570819902808,427.9037811941782,5905.191112300591
2045-09-13 03:00:00,2735.188240821468,436.95419957815,4629.195042808502
2045-09-13 04:00:00,2776.8280000851305,444.01352591764794,3271.5945735233163
2045-09-13 05:00:00,2918.1593451534645,494.1528437648512,2136.5515582193084
2045-09-13 06:00:00,2997.968883742152,700.0498620002062,1224.065996896478
2045-09-13 07:00:00,3070.0881965208832,1012.6513129825856,734.4395981378867
2045-09-13 08:00:00,3072.15142783575,1330.954527546868,534.1378895548268
2045-09-13 09:00:00,3059.678256704968,1717.2716362666977,563.8122167523171
2045-09-13 10:00:00,3070.5571127288067,2101.0998799309345,867.9740705265934
2045-09-13 11:00:00,3017.100665025457,2366.2318864893823,1505.9721052726368
2045-09-13 12:00:00,2941.1362393417467,2735.081687728148,2047.528576626838
2045-09-13 13:00:00,2906.99913940487,2867.0367877664544,2084.6214856237007
2045-09-13 14:00:00,2959.142621726033,2852.5561183521004,2188.481630814917
2045-09-13 15:00:00,3012.974202395724,2857.7148568309626,2218.155958012406
2045-09-13 16:00:00,3020.7582114472652,2743.3628205494806,2344.27184860174
2045-09-13 17:00:00,2916.2836803217683,2504.839044039909,2173.644467216171
2045-09-13 18:00:00,2945.2627019714787,2206.0394810930866,2047.528576626836
2045-09-13 19:00:00,3154.117980980888,1787.2313703747984,2492.643484589191
2045-09-13 20:00:00,3148.772336210553,1485.0379005339848,3709.2908996862975
2045-09-13 21:00:00,3190.036962507877,1314.935287007238,4940.775478382148
2045-09-13 22:00:00,3120.54358049352,999.5282063258264,5934.865439498078
2045-09-13 23:00:00,3008.097473833313,679.2791518089903,6676.723619435337
2045-09-14 00:00:00,2791.4168736274178,482.42430874112705,10355.5297085191
2045-09-14 01:00:00,2930.5150083046697,463.7946668473776,10570.374723218669
2045-09-14 02:00:00,2856.379259539943,452.0700414764357,9732.47916589036
2045-09-14 03:00:00,2757.812411750477,438.3063508235908,7584.0290188947
2045-09-14 04:00:00,2734.317370159636,424.77437213459865,5306.671863079289
2045-09-14 05:00:00,2807.7042729772443,469.6338083364632,3587.91174548276
2045-09-14 06:00:00,2838.12613957893,558.7965720269463,2051.7698903808587
2045-09-14 07:00:00,2905.803092049761,773.5472201255428,1074.225073497831
2045-09-14 08:00:00,2941.6540917680572,1137.7984273018417,837.8955573283089
2045-09-14 09:00:00,2897.7529981182374,1554.8799622365336,794.9265543883948
2045-09-14 10:00:00,2985.367973931097,1896.330712169736,1063.4828227628527
2045-09-14 11:00:00,2858.438585894519,2222.3031029175827,1675.7911146566191
2045-09-14 12:00:00,2932.199911685687,2681.0464489529736,2309.5839080203405
2045-09-14 13:00:00,2912.168282600268,3010.4945191586107,2792.9851910943657
2045-09-14 14:00:00,2940.437217103989,2981.9939476047384,3469.7469873979994
2045-09-14 15:00:00,2884.273771070105,2895.658069873259,3577.1694947477818
2045-09-14 16:00:00,2961.4049036233064,2896.492232943129,3437.520235193063
2045-09-14 17:00:00,2909.921744758913,2790.414495891405,3512.7159903379115
2045-09-14 18:00:00,2950.546637390088,2524.918927709088,2911.1499491791246
2045-09-14 19:00:00,3106.3065943907263,1964.4076871496316,2943.37670138406
2045-09-14 20:00:00,3104.52808526632,1680.0971075024818,4275.415792521372
2045-09-14 21:00:00,3131.954568079533,1568.921707246001,5865.2689012981655
2045-09-14 22:00:00,3016.5386864799016,1214.448744944283,7841.843036534178
2045-09-14 23:00:00,2770.636398594881,774.6594375520349,9582.087655600664
2045-09-15 00:00:00,2611.582364340357,336.62832078380444,9209.36768638656
2045-09-15 01:00:00,2664.3788531083624,313.4321960643876,8631.525008025048
2045-09-15 02:00:00,2657.3633060489,304.7629373308681,7548.0699860972145
2045-09-15 03:00:00,2682.2774924010932,303.15627934164434,5778.426783615093
2045-09-15 04:00:00,2688.0338387062925,329.833496371046,3864.3229115425934
2045-09-15 05:00:00,2810.895855157902,373.2802061629698,2528.061717831603
2045-09-15 06:00:00,2806.5785954290022,497.193703581847,1589.0673654941506
2045-09-15 07:00:00,2950.667138881036,781.5721676744397,902.8791849398584
2045-09-15 08:00:00,2932.8584424993237,1110.8701113824116,622.9866376085026
2045-09-15 09:00:00,2886.987557879763,1439.6325024273085,659.1018050060968
2045-09-15 10:00:00,2858.9253696419128,1753.6337231962125,839.6776419940683
2045-09-15 11:00:00,2873.855892871025,1989.1095347418088,1417.5203203555768
2045-09-15 12:00:00,2829.5140377387825,2153.524202305699,2157.8812520062606
2045-09-15 13:00:00,2764.305427250191,2216.1503918439807,2762.8103059159657
2045-09-15 14:00:00,2825.3766638319207,2076.0364263670986,3232.3074820846923
2045-09-15 15:00:00,2823.128091056452,2066.229118224545,3151.0483554401044
2045-09-15 16:00:00,2938.25501716045,1995.1345022013963,2663.493595572581
2045-09-15 17:00:00,2828.074951162483,1828.4437358194384,2311.370713446037
2045-09-15 18:00:00,3077.0369288623765,1572.416090828356,2311.3707134460365
2045-09-15 19:00:00,3245.410058289472,1225.4783812803664,2473.888966735212
2045-09-15 20:00:00,3140.8064527746687,982.638720617495,3737.919825651013
2045-09-15 21:00:00,3078.7458441717326,740.5689169077931,5525.6206118319315
2045-09-15 22:00:00,3025.4996408486336,557.2090738876399,7331.378981711651
2045-09-15 23:00:00,2919.367005846512,397.1792437526723,8812.100845013018
2045-09-16 00:00:00,2853.994360171834,355.5052783405208,5064.656932434248
2045-09-16 01:00:00,2864.082776723353,336.76376226695464,5151.978603683114
2045-09-16 02:00:00,2885.3805449987817,322.93073849837015,4671.709411814351
2045-09-16 03:00:00,2890.798398332005,322.8277631353287,3809.4079082317953
2045-09-16 04:00:00,2843.158653505388,326.50055108381133,2794.293479963723
2045-09-16 05:00:00,2856.890109367177,360.7570218556409,1801.0094695078683
2045-09-16 06:00:00,2899.2988233893043,463.6637346551851,1015.1144282680706
2045-09-16 07:00:00,3122.1781001663794,682.3147555134565,573.0484675706851
2045-09-16 08:00:00,3144.9704486716632,944.5243549383132,420.2355428851694
2045-09-16 09:00:00,3159.355783384014,1244.3199618733445,403.86272952600706
2045-09-16 10:00:00,3228.1064739573285,1564.4703655695914,583.9636764767935
2045-09-16 11:00:00,3214.468429359905,1811.2679856592265,1042.4024505333414
2045-09-16 12:00:00,3109.3807569482487,2064.072501926285,1429.8923667001852
2045-09-16 13:00:00,3120.123052350329,2230.4120383594377,1397.146739981861
2045-09-16 14:00:00,3062.6751247652905,2181.807667003816,1342.5706954513196
2045-09-16 15:00:00,3006.628366145741,2156.9562793897826,1642.7389403692969
2045-09-16 16:00:00,2977.5774629279413,2115.8004592941684,1904.7039541158952
2045-09-16 17:00:00,2979.725922008357,1938.2709334104984,1801.0094695078672
2045-09-16 18:00:00,3157.4875580966964,1756.8626688522609,1555.4172691204317
2045-09-16 19:00:00,3193.4508948775733,1421.712187272958,1702.772589352893
2045-09-16 20:00:00,3205.314125452045,1171.447729960924,2532.3284662171222
2045-09-16 21:00:00,3126.1947845341138,996.5955635163348,3361.8843430813536
2045-09-16 22:00:00,3073.2305976386388,754.1229086744462,3918.5599972928767
2045-09-16 23:00:00,2918.634955113049,517.1079480737611,4518.896487128834
2045-09-17 00:00:00,2584.4654471692693,106.98858323415064,4641.25939781685
2045-09-17 01:00:00,2550.5346290555317,102.67966583126116,4765.153385848922
2045-09-17 02:00:00,2502.459156643778,99.41827972681853,4364.88050143761
2045-09-17 03:00:00,2498.2075842536233,100.48740960873847,3497.6225852131065
2045-09-17 04:00:00,2525.679282774625,108.619276286372,2511.2358343423807
2045-09-17 05:00:00,2645.949724811512,124.1270592200796,1643.9779181178783
2045-09-17 06:00:00,2548.572364875461,165.488346571124,943.5003703980874
2045-09-17 07:00:00,2691.490605990673,266.3537313906421,524.1668724433821
2045-09-17 08:00:00,2667.6981528073056,379.1091364121187,362.1516573245184
2045-09-17 09:00:00,2667.779913814808,466.615797353506,347.8561971669717
2045-09-17 10:00:00,2687.484316623027,548.0208584637339,419.3334979547056
2045-09-17 11:00:00,2539.333371027624,618.1946561679343,695.7123943339429
2045-09-17 12:00:00,2509.1635592590233,676.1976520850254,1038.8034381150658
2045-09-17 13:00:00,2595.6667051971776,703.0122934669167,1258.000493864116
2045-09-17 14:00:00,2584.628969184276,659.6207392693982,1420.0157089829795
2045-09-17 15:00:00,2633.27676864855,654.3398856102177,1553.44000378675
2045-09-17 16:00:00,2585.691862281815,660.6790698595818,1667.8036850471244
2045-09-17 17:00:00,2671.2138761299343,594.3282214301249,1520.083930085808
2045-09-17 18:00:00,2770.8805442760686,491.8753407253317,1291.356567565059
2045-09-17 19:00:00,2813.069224147608,372.6079627867065,1238.9398803207207
2045-09-17 20:00:00,2747.823940160228,311.2247885560703,1782.167366307497
2045-09-17 21:00:00,2684.704442367925,266.18094272285725,2582.713135130116
2045-09-17 22:00:00,2574.490604253905,203.80423365245713,3364.1982904093393
2045-09-17 23:00:00,2503.276766718808,142.22667217056264,4098.031911830073
2045-09-18 00:00:00,2711.7989912355833,667.3189601644858,8934.890260172502
2045-09-18 01:00:00,2696.0980693835713,619.0445457702137,9144.00471307016
2045-09-18 02:00:00,2623.748935167766,595.7531167228427,8554.682163994954
2045-09-18 03:00:00,2594.398916478493,602.2591024902649,6881.766540813718
2045-09-18 04:00:00,2632.937542842523,637.9119044957379,4942.705250308194
2045-09-18 05:00:00,2740.256912092355,707.7211317801772,3355.336448766909
2045-09-18 06:00:00,2818.4046822194155,999.83989273743,1986.587302527716
2045-09-18 07:00:00,2902.61871760748,1484.926191556423,1026.5618596793936
2045-09-18 08:00:00,2922.601709055495,1967.4751559261204,741.4057875462286
2045-09-18 09:00:00,2849.1820574406893,2598.555775366064,712.8901803329121
2045-09-18 10:00:00,2920.9959329569947,3294.8914320532526,893.4890260172496
2045-09-18 11:00:00,2937.4105330750067,3756.816421540223,1501.8219799013357
2045-09-18 12:00:00,2761.4888405058723,4146.5249690088085,2167.1861482120567
2045-09-18 13:00:00,2800.7411451359017,4229.34616782809,2528.383839580732
2045-09-18 14:00:00,2824.56015726367,4106.903515685208,2785.02430450058
2045-09-18 15:00:00,2849.8957357066893,4141.775599398589,2994.1387573982342
2045-09-18 16:00:00,2865.418237992201,3854.601387624578,3032.159567015989
2045-09-18 17:00:00,2762.826987254623,3484.020438312214,3108.2011862514996
2045-09-18 18:00:00,2840.3502888989324,3105.2419469328984,2756.5086972872614
2045-09-18 19:00:00,3032.86500115258,2595.953381059096,2623.4358636251163
2045-09-18 20:00:00,3025.014540226574,2075.4094598076535,3821.091366584413
2045-09-18 21:00:00,3047.227776255841,1546.21257748554,5341.923751294624
2045-09-18 22:00:00,2893.162480582973,1122.2825448803146,6805.724921578206
2045-09-18 23:00:00,2869.521888021705,808.1735520291747,8174.474067817398
2045-09-19 00:00:00,2968.263825838526,701.4232148733494,8663.604949278897
2045-09-19 01:00:00,2897.476269179208,673.7327169279187,8319.235714893337
2045-09-19 02:00:00,2799.883824398228,649.3734067052467,7340.502101376475
2045-09-19 03:00:00,2748.728016785761,656.3133811276604,5763.653501821527
2045-09-19 04:00:00,2739.384059306731,691.1520527281771,4059.932026440325
2045-09-19 05:00:00,2850.190181330783,775.7503409373999,2673.3927406247662
2045-09-19 06:00:00,2964.7716397099994,1071.8096497975669,1594.973296101556
2045-09-19 07:00:00,3008.5655414298967,1636.584768293592,897.1724790571246
2045-09-19 08:00:00,2964.7716397099994,2215.4480348671163,661.551423951213
2045-09-19 09:00:00,2956.3715163197603,2754.7534472328816,670.6137722245172
2045-09-19 10:00:00,3084.9217192130823,3317.7241723790776,960.6089169702552
2045-09-19 11:00:00,3104.0815512155373,3797.5540039447583,1712.7838236545113
2045-09-19 12:00:00,3099.739914407099,4287.377398678716,2455.896382065463
2045-09-19 13:00:00,3059.343815406848,4446.580411928885,2664.330392351461
2045-09-19 14:00:00,3078.126113773787,4308.058522457508,2709.6421337179827
2045-09-19 15:00:00,3039.8064497688765,4329.364243934319,2800.2656164510254
2045-09-19 16:00:00,3059.721349042365,4249.5545380765625,2745.891526811199
2045-09-19 17:00:00,3091.528557834618,3816.500134117948,2628.080999258244
2045-09-19 18:00:00,3010.641976425237,3226.047110258993,2492.14577515868
2045-09-19 19:00:00,3253.30172065338,2601.588211730213,2827.452661270939
2045-09-19 20:00:00,3167.412818573407,2226.2743949660817,4313.677778092845
2045-09-19 21:00:00,3121.0705648137737,1903.3573850911723,5944.900467287615
2045-09-19 22:00:00,3086.337470346268,1405.3448205387676,7231.753922096822
2045-09-19 23:00:00,2917.674318679333,952.650288964724,8264.861625253514
2045-09-20 00:00:00,2781.8454401811305,788.6077948754705,5540.638423449871
2045-09-20 01:00:00,2816.7470309331234,744.9149811876998,5173.63032275127
2045-09-20 02:00:00,2820.708833126593,728.5301760547858,4439.614121354063
2045-09-20 03:00:00,2874.004505491121,736.6830017972503,3445.140558170753
2045-09-20 04:00:00,2852.025936179732,776.180672141811,2391.472140036056
2045-09-20 05:00:00,2982.0107795749914,884.7794771773573,1544.9857142312144
2045-09-20 06:00:00,3039.834225874914,1248.0947214289292,887.922824270813
2045-09-20 07:00:00,3029.2694200256624,1830.5072633032348,544.5926655527652
2045-09-20 08:00:00,3054.360833917636,2555.7921397906316,420.28347015485144
2045-09-20 09:00:00,2920.6971741998686,3401.4697148633563,455.80038312568394
2045-09-20 10:00:00,2895.039788565972,4086.5445381743257,781.3720853583154
2045-09-20 11:00:00,2900.5108487379052,4534.079263882035,1367.401149377052
2045-09-20 12:00:00,2914.471485038703,5054.989421271924,1764.0066775513476
2045-09-20 13:00:00,2872.5895761363117,5122.586636651193,1645.6169676485729
2045-09-20 14:00:00,2902.303092587332,4991.666502883851,1710.7313080950994
2045-09-20 15:00:00,2848.0641339862623,4894.149208566217,1769.9261630464866
2045-09-20 16:00:00,2950.788005145506,4629.538563352058,1793.604105027042
2045-09-20 17:00:00,2956.164736693786,4367.856603113343,1692.9728516096832
2045-09-20 18:00:00,3067.6611698528545,3763.5185007471664,1645.616967648573
2045-09-20 19:00:00,3147.368856840513,2932.088582311759,2190.2096332013384
2045-09-20 20:00:00,3147.840499958784,2285.7990465134835,3303.072906287424
2045-09-20 21:00:00,3007.668165208889,1867.392863264288,4214.67367253879
2045-09-20 22:00:00,2980.878836091143,1424.7656637316538,4901.333989974887
2045-09-20 23:00:00,2867.6844877063013,1011.9793894893996,5422.248713547098
2045-09-21 00:00:00,2708.788465194407,445.2557512956494,11426.694252802652
2045-09-21 01:00:00,2793.6207297456963,427.47005324114014,11288.188867920187
2045-09-21 02:00:00,2768.4538245954805,414.2402975454213,9995.471942350598
2045-09-21 03:00:00,2686.637818339348,405.6540984846237,7733.217322603811
2045-09-21 04:00:00,2789.0963423029607,412.1375549182872,5390.167895008925
2045-09-21 05:00:00,2751.4873716852226,464.44327776824815,3508.803083688894
2045-09-21 06:00:00,2815.959892744202,612.2485616005505,2008.3280807956169
2045-09-21 07:00:00,2892.968737342429,850.7346212280116,1142.669425280265
2045-09-21 08:00:00,2944.5279025752693,1224.8475803056238,854.1165401084809
2045-09-21 09:00:00,2915.967706843001,1669.709067358686,831.032309294738
2045-09-21 10:00:00,2870.6295743439227,2025.1163784824168,1119.585194466523
2045-09-21 11:00:00,2948.2039673724908,2345.3903648777823,1869.822695913162
2045-09-21 12:00:00,3019.934359954193,2729.0094729155626,2723.939236021641
2045-09-21 13:00:00,2910.0294483244106,2837.9140181458833,3254.8765447377245
2045-09-21 14:00:00,2924.827965585025,2824.990912416621,3728.103276419452
2045-09-21 15:00:00,2803.8948595635748,2734.178715207268,3831.982315081292
2045-09-21 16:00:00,2800.2187947663524,2631.1881336157603,3762.729622640065
2045-09-21 17:00:00,2815.1115700986898,2537.1342081895737,3451.092506654538
2045-09-21 18:00:00,2971.391453016511,2205.6455944494937,2954.7815441590697
2045-09-21 19:00:00,2955.744613110384,1771.7358919127555,3208.7080831102403
2045-09-21 20:00:00,2904.0911898058207,1462.895568552432,4801.520009258486
2045-09-21 21:00:00,2914.930868054041,1244.035106778224,6809.8480900541035
2045-09-21 22:00:00,2875.8137682887236,908.3848149219396,8864.344632477207
2045-09-21 23:00:00,2820.295764043491,602.7424126403818,10572.57771269417
2045-09-22 00:00:00,2535.846422265975,399.5271510548782,7171.220860944483
2045-09-22 01:00:00,2525.160577943157,380.07334542400974,6938.891891367451
2045-09-22 02:00:00,2487.6298076386283,366.2560549055055,6164.46199277733
2045-09-22 03:00:00,2370.5199040031994,360.3064000646766,4785.97677328692
2045-09-22 04:00:00,2498.141898395221,372.28399467845054,3430.724450754217
2045-09-22 05:00:00,2571.2052729926954,418.1981073645849,2377.4997886716583
2045-09-22 06:00:00,2569.902121246011,503.05897377851426,1393.97381746221
2045-09-22 07:00:00,2637.057874591846,781.5967622478503,774.4298985901165
2045-09-22 08:00:00,2657.387041840133,1161.4352528755117,573.0781249566868
2045-09-22 09:00:00,2639.664178085216,1506.0846665169547,588.5667229284891
2045-09-22 10:00:00,2705.516779684367,1832.2196937129224,836.3842904773262
2045-09-22 11:00:00,2601.2646399495634,2123.126501456614,1471.4168073212222
2045-09-22 12:00:00,2513.692842572329,2375.3214102688576,2152.9151180805243
2045-09-22 13:00:00,2644.008017240833,2587.9041434303185,2400.732685629362
2045-09-22 14:00:00,2661.5571274295253,2458.2642958459396,2408.476984615263
2045-09-22 15:00:00,2786.225311195727,2396.1452022117583,2137.4265201087233
2045-09-22 16:00:00,2689.7052051579212,2430.8254271392225,2191.6366130100305
2045-09-22 17:00:00,2760.9441673100373,2250.7700832720298,2300.0567988126472
2045-09-22 18:00:00,2945.296701074414,1986.4018675157192,2199.380911995932
2045-09-22 19:00:00,2934.7846103178213,1528.3175872379454,2493.6642734601764
2045-09-22 20:00:00,2923.664382079443,1265.671639988193,3763.729307147969
2045-09-22 21:00:00,2849.905993217069,1086.4382879082193,5219.657516497389
2045-09-22 22:00:00,2722.544629174385,836.3570722631117,6412.279560326168
2045-09-22 23:00:00,2697.524115638032,569.8360208736079,7062.800675141869
2045-09-23 00:00:00,2926.2847282369203,496.9481809738366,4960.74022494242
2045-09-23 01:00:00,2766.167439685542,477.18822362947634,4570.213866808653
2045-09-23 02:00:00,2785.852447513329,450.300918486777,3810.270683413221
2045-09-23 03:00:00,2782.367541821329,452.5128540103997,2902.560769913118
2045-09-23 04:00:00,2872.315783331073,477.089915383982,2037.0699221572052
2045-09-23 05:00:00,2940.883657487193,537.942719344972,1314.068421287939
2045-09-23 06:00:00,3008.038732038447,719.1248157910218,749.3884169593862
2045-09-23 07:00:00,3016.609716307962,1078.3431448273016,464.4097231860985
2045-09-23 08:00:00,2997.0188951205,1517.3386150822314,374.6942084796932
2045-09-23 09:00:00,2923.741688948163,1951.369518939697,390.5263581337648
2045-09-23 10:00:00,2974.885034644279,2411.4521078531593,664.9502854710047
2045-09-23 11:00:00,2962.169838200494,2811.861591751563,1219.0755233635089
2045-09-23 12:00:00,2955.388400097141,3121.139332076724,1678.2078633315837
2045-09-23 13:00:00,2921.3870229400536,3192.4128100601138,1635.9887975873924
2045-09-23 14:00:00,2888.139138905562,3121.6800274269453,1530.4411332269149
2045-09-23 15:00:00,3007.8503587577984,3049.767545847841,1504.0542171367968
2045-09-23 16:00:00,3098.4579067498134,2988.029967677403,1530.4411332269149
2045-09-23 17:00:00,3017.080649509584,2709.1786293327364,1467.112534610629
2045-09-23 18:00:00,3098.4579067498134,2326.4154755005643,1409.061319212367
2045-09-23 19:00:00,3287.9614270823854,1938.0979057979616,1920.96749136068
2045-09-23 20:00:00,3232.6738692119984,1579.0270391299223,3008.108434273594
2045-09-23 21:00:00,3242.7518397267027,1247.6790976912846,3968.592179953935
2045-09-23 22:00:00,3053.2483193941302,871.7483669209677,4591.3233996807485
2045-09-23 23:00:00,3111.078916553275,628.5337675679967,4939.630692070322
2045-09-24 00:00:00,2910.1155148896587,166.22825797184382,5150.685420547022
2045-09-24 01:00:00,2871.242525895159,155.0577449763693,4620.614882121792
2045-09-24 02:00:00,2795.4038674596272,150.06425005241263,3800.5057471997457
2045-09-24 03:00:00,2773.5151049650603,150.90730763697675,2760.367332176657
2045-09-24 04:00:00,2743.3612910721304,162.22373444516433,1775.2362371788286
2045-09-24 05:00:00,2787.6837645051123,179.60369080387076,1125.1497277893975
2045-09-24 06:00:00,2874.8755155208128,251.0690337415365,690.0918330441639
2045-09-24 07:00:00,2791.8617025746144,389.91413286090346,425.05656383155014
2045-09-24 08:00:00,2831.09799053168,513.5031322288318,335.04458560839817
2045-09-24 09:00:00,2819.1999495076616,645.830747713684,355.0472474357652
2045-09-24 10:00:00,2898.126649125,803.7581310067428,540.0718693389109
2045-09-24 11:00:00,2930.8235557558874,922.3536354507144,940.1251058862524
2045-09-24 12:00:00,2852.3509798417567,1019.3376829673012,1375.1830006314872
2045-09-24 13:00:00,2915.928298290705,1052.216928765302,1635.2176043872585
2045-09-24 14:00:00,2980.3230394054262,1000.9201172737468,1845.245553574613
2045-09-24 15:00:00,2900.033968678468,1030.1839430456355,1725.2295826104105
2045-09-24 16:00:00,2917.0181951784016,980.8488617027782,1385.18433154517
2045-09-24 17:00:00,2864.430670347057,867.5062545164755,1190.158378728341
2045-09-24 18:00:00,2928.1896382772884,750.8562675753444,1175.156382357815
2045-09-24 19:00:00,2870.061804266821,618.8853302993465,1540.2049607072645
2045-09-24 20:00:00,2862.4325260529467,524.9978981414464,2440.324742938784
2045-09-24 21:00:00,2821.470568023696,406.4186063433316,3460.4604961345026
2045-09-24 22:00:00,2863.2499487187188,297.7128158721318,4450.592256589173
2045-09-24 23:00:00,2707.848817481361,204.1009986938009,5140.684089633336
2045-09-25 00:00:00,2640.0551624608825,532.5421816104742,8610.982689267656
2045-09-25 01:00:00,2647.0919841429363,511.5767712254973,8765.980377674474
2045-09-25 02:00:00,2619.3900658756093,493.36177358904473,7904.882108747707
2045-09-25 03:00:00,2590.173894841256,485.6813757252413,6406.571120815135
2045-09-25 04:00:00,2530.9398895429504,488.3279993134435,4546.598859933322
2045-09-25 05:00:00,2656.5337955137948,544.9968808490739,2798.569374011988
2045-09-25 06:00:00,2713.540958507652,714.8997362956428,1584.4208148252487
2045-09-25 07:00:00,2772.774963805958,995.6494149657522,938.5971131301744
2045-09-25 08:00:00,2692.4304934614897,1403.1256583886166,637.2127190058065
2045-09-25 09:00:00,2707.573021131733,1892.7510222060805,619.9907536272713
2045-09-25 10:00:00,2770.459047809333,2324.9809803656617,809.4323727911595
2045-09-25 11:00:00,2762.3533418211437,2710.1944488995296,1351.9242822150218
2045-09-25 12:00:00,2783.107512098595,3173.8206280564177,1868.5832435710809
2045-09-25 13:00:00,2792.7274708538093,3347.563682434888,2040.8028973564344
2045-09-25 14:00:00,2761.997047052432,3343.048853960897,2385.2422049271404
2045-09-25 15:00:00,2748.90321430228,3260.8997335662957,3048.2878720007507
2045-09-25 16:00:00,2846.7061283136186,3157.006784084307,3315.228335368047
2045-09-25 17:00:00,2796.9139343861707,2997.0676880286182,2695.2375817407765
2045-09-25 18:00:00,2895.07314316622,2639.150768659349,2247.466481898857
2045-09-25 19:00:00,3000.3582473205015,2146.930675833845,2307.743360723732
2045-09-25 20:00:00,2991.985320255779,1794.9816331830716,3306.61735267878
2045-09-25 21:00:00,2917.8760083637626,1548.5861665794334,4598.264756068928
2045-09-25 22:00:00,2877.258404730639,1135.0901518579124,5803.802332566399
2045-09-25 23:00:00,2813.3925674390825,751.6929936296741,7302.113320498972
2045-09-26 00:00:00,2765.541000919253,588.904469961474,9379.881867159604
2045-09-26 01:00:00,2671.786035822587,560.0883311832074,8766.429677535236
2045-09-26 02:00:00,2755.8612847588292,533.9392796962892,7875.93456356439
2045-09-26 03:00:00,2694.3720401969063,539.5633550715245,6233.465797795939
2045-09-26 04:00:00,2678.792306567274,571.5104224091999,4274.376547060073
2045-09-26 05:00:00,2632.9749834079394,639.8690292896348,2879.2675351724106
2045-09-26 06:00:00,2736.409664665028,873.065226807115,1830.462178717855
2045-09-26 07:00:00,2791.8145162118285,1332.963844089226,999.333405678396
2045-09-26 08:00:00,2840.3974725598546,1818.9535326997488,702.5017010214463
2045-09-26 09:00:00,2883.8179136223225,2304.595340359225,771.7624321080681
2045-09-26 10:00:00,2808.0395642521557,2847.9274057337425,1127.9604776964077
2045-09-26 11:00:00,2857.2678350108777,3285.5036619904354,1959.089250735867
2045-09-26 12:00:00,2857.175647237921,3642.313557446072,2661.5909517573136
2045-09-26 13:00:00,2852.474070817145,3754.2152633656974,2819.9011942410193
2045-09-26 14:00:00,2769.5050751563776,3632.572890816801,3077.1553382770426
2045-09-26 15:00:00,2736.225289119115,3625.209410686339,3146.416069363665
2045-09-26 16:00:00,2754.109717072658,3527.918704710622,2780.3236336200935
2045-09-26 17:00:00,2834.9583939554273,3154.9323450313723,2730.851682843934
2045-09-26 18:00:00,2939.0383896232106,2721.008838760653,2899.056315482873
2045-09-26 19:00:00,2963.6525250025707,2244.9337572549266,3265.148751226444
2045-09-26 20:00:00,2976.558813216468,1857.1044769977343,4868.039956373972
2045-09-26 21:00:00,2961.071267359792,1482.6686133557937,6530.297502452887
2045-09-26 22:00:00,2910.091428914898,1068.9222022457157,7935.300904495777
2045-09-26 23:00:00,2849.24749876367,756.6990486824059,9181.994064054968
2045-09-27 00:00:00,2926.343515390517,798.9885611401442,3853.057172811297
2045-09-27 01:00:00,2866.9882047869264,775.2703176865479,3697.552623235952
2045-09-27 02:00:00,2901.8801607739306,747.6780944688642,3377.904382442189
2045-09-27 03:00:00,2817.964031989543,747.994337714912,2755.886184140814
2045-09-27 04:00:00,2855.3900406459948,799.0676219516557,1969.7242946210208
2045-09-27 05:00:00,2936.5771896325155,894.3358998235999,1321.7886713904222
2045-09-27 06:00:00,2899.5410352329027,1270.823484243684,807.7597436274805
2045-09-27 07:00:00,2937.0645074535632,1939.9941928811456,431.9570821537327
2045-09-27 08:00:00,3059.1863534080785,2564.021178145261,323.96781161529947
2045-09-27 09:00:00,2984.2368725309657,3095.151709882792,341.2460949014487
2045-09-27 10:00:00,2998.564016469764,3684.629120516169,548.585494335241
2045-09-27 11:00:00,2854.31794143969,4299.5641124564045,984.8621473105115
2045-09-27 12:00:00,2833.363275134645,4930.785631568111,1265.6342507104366
2045-09-27 13:00:00,2890.8667780182564,5015.459760697448,1136.0471260643171
2045-09-27 14:00:00,2928.5851773673357,4875.759306755765,1088.531847027407
2045-09-27 15:00:00,2973.4184169037107,4987.788476668253,1261.3146798888995
2045-09-27 16:00:00,2902.0750879023494,4867.774164793057,1265.6342507104368
2045-09-27 17:00:00,2946.421009617677,4331.741862741781,1339.0669546765716
2045-09-27 18:00:00,3059.088889843869,3505.71450406454,1347.7060963196463
2045-09-27 19:00:00,3142.712627935628,2919.3995258916416,1572.3237790395876
2045-09-27 20:00:00,3021.2730269305794,2660.633489812906,2358.485668559381
2045-09-27 21:00:00,2931.6065478578307,2260.822965996788,2971.864725217681
2045-09-27 22:00:00,2935.505090426211,1589.438554636993,3334.708674226815
2045-09-27 23:00:00,2810.361873981202,1023.8375090802358,3732.1091898082514
2045-09-28 00:00:00,2608.765269511221,635.1649556354488,9294.344766257524
2045-09-28 01:00:00,2604.9756090786113,606.4039722025586,8780.108477960492
2045-09-28 02:00:00,2528.535385230617,590.2059904022168,7484.994862990177
2045-09-28 03:00:00,2578.170693823572,599.8992708496653,5770.87390200006
2045-09-28 04:00:00,2657.753562908363,638.162219984331,3980.569787188162
2045-09-28 05:00:00,2659.1400240422445,725.0828861019129,2485.475393435669
2045-09-28 06:00:00,2709.052624861974,1029.1457885587215,1428.434134158431
2045-09-28 07:00:00,2764.6035009594893,1556.9194002895408,857.0604804950581
2045-09-28 08:00:00,2822.742437840248,2130.991180473309,685.6483843960465
2045-09-28 09:00:00,2811.0961643156447,2709.590742971345,685.6483843960465
2045-09-28 10:00:00,2900.5691228221235,3225.56661205231,1104.6557304158523
2045-09-28 11:00:00,2944.4737253950348,3608.196103398965,1971.239105138636
2045-09-28 12:00:00,2780.7788808547716,4028.514599643266,2685.4561722178514
2045-09-28 13:00:00,2746.1173525077365,4093.497841590308,2714.0248549010175
2045-09-28 14:00:00,2819.414931118933,3961.2993523300383,2799.7309029505245
2045-09-28 15:00:00,2743.1595687554563,3946.376802167518,3104.4635182376564
2045-09-28 16:00:00,2744.176306920303,3805.8242356795126,3009.2345759604277
2045-09-28 17:00:00,2663.20697670163,3484.2879197845396,2714.0248549010175
2045-09-28 18:00:00,2815.2555477172887,2926.541664564898,2447.383816524777
2045-09-28 19:00:00,2905.005798450544,2300.751131467442,3123.509306693101
2045-09-28 20:00:00,2930.978837025255,1886.490935502796,4856.676056138667
2045-09-28 21:00:00,2889.6622952355897,1585.9992416318885,6456.522286396109
2045-09-28 22:00:00,2732.3451719111818,1192.5923529456347,7713.544324455528
2045-09-28 23:00:00,2717.278960923004,829.0305645844209,8837.245843326828
2045-09-29 00:00:00,2648.7642556010933,638.7779022148422,9192.347725525176
2045-09-29 01:00:00,2595.020143917125,609.4110486063923,8183.663606575202
2045-09-29 02:00:00,2519.7046392073457,599.2531125467067,6908.534626015818
2045-09-29 03:00:00,2415.903833450661,628.6199661551566,5157.611249725305
2045-09-29 04:00:00,2518.1374867225645,671.2702746108874,3416.20376134942
2045-09-29 05:00:00,2581.468884195782,768.096242051608,2293.3289874239836
2045-09-29 06:00:00,2679.9229344161545,1145.7630955527377,1455.9308509372172
2045-09-29 07:00:00,2754.7775119245275,1757.453168275085,827.8822485721436
2045-09-29 08:00:00,2763.3507578706835,2345.506505166242,656.5962661089408
2045-09-29 09:00:00,2846.409839564088,2930.890128092991,713.6915935966747
2045-09-29 10:00:00,2839.4959315429937,3430.5824442598305,1141.9065497546808
2045-09-29 11:00:00,2913.613025529117,3694.3632069379505,2045.9159016438016
2045-09-29 12:00:00,2875.1716969318372,4082.7740312714377,2864.2822623013217
2045-09-29 13:00:00,2887.1558041684,4121.256981343707,3083.1476843376367
2045-09-29 14:00:00,2866.137523784275,3976.5063924931874,3206.8542272277273
2045-09-29 15:00:00,2822.3494396506817,3998.2547940568734,2968.9570293621687
2045-09-29 16:00:00,2886.694876966993,3843.802073969859,2388.487866570208
2045-09-29 17:00:00,2990.0347555222716,3466.07010549399,2398.00375448483
2045-09-29 18:00:00,2906.238190306618,2893.7094775155533,2559.773849033408
2045-09-29 19:00:00,2964.130646803241,2189.55614066017,3292.4972184593285
2045-09-29 20:00:00,2977.4975356440223,1738.3744806758032,5176.643025554551
2045-09-29 21:00:00,2930.8517028617107,1544.787660769103,7003.693505162041
2045-09-29 22:00:00,2788.517383067464,1234.9054959739524,8507.203795672365
2045-09-29 23:00:00,2632.263061790749,884.0008970916097,9477.824362963844
2045-09-30 00:00:00,2459.363727975342,420.4122968200255,4172.788831566415
2045-09-30 01:00:00,2463.315378721431,404.01761779451414,3886.3450713290176
2045-09-30 02:00:00,2512.082341337945,379.4667919171149,3305.715827604561
2045-09-30 03:00:00,2532.11002580108,385.52211306472856,2438.6428236427105
2045-09-30 04:00:00,2536.331107279857,414.15101236807146,1575.4406813056871
2045-09-30 05:00:00,2625.602490043789,459.4629393230029,994.8114375812322
2045-09-30 06:00:00,2724.124327963338,668.7216565330486,623.2087215975811
2045-09-30 07:00:00,2778.36971547784,1006.0071637212092,352.24840785950244
2045-09-30 08:00:00,2732.027629455517,1294.43817511978,267.089452113249
2045-09-30 09:00:00,2641.947954493523,1587.0708379269004,259.34772886358957
2045-09-30 10:00:00,2695.564670298419,1990.8412997562043,309.6689299863757
2045-09-30 11:00:00,2768.131347635699,2354.160568613016,522.5663193520087
2045-09-30 12:00:00,2650.659548183765,2636.65983684658,870.9438655866819
2045-09-30 13:00:00,2684.248579525526,2618.164332116793,1254.159166444823
2045-09-30 14:00:00,2703.018920569451,2584.674698831013,1505.7651720587528
2045-09-30 15:00:00,2768.131347635699,2635.5476350031404,1486.4108639346048
2045-09-30 16:00:00,2678.7701546275384,2510.857450555342,1141.904179324761
2045-09-30 17:00:00,2806.3007014331542,2175.3020351236432,944.490236458446
2045-09-30 18:00:00,2833.9622566557814,1812.9301974667992,855.4604190873627
2045-09-30 19:00:00,2952.511779038466,1627.6868015428663,905.7816202101488
2045-09-30 20:00:00,2890.632520764473,1411.2193686808994,1455.4439709359658
2045-09-30 21:00:00,2834.2316873884693,1077.8471642752093,2291.5500818991804
2045-09-30 22:00:00,2786.542447702707,703.5294549666091,3212.8151486086485
2045-09-30 23:00:00,2720.8911591710835,492.5818386609704,3979.2457503249298
2045-10-01 00:00:00,2944.250278250221,163.54227406954791,6307.830620971906
2045-10-01 01:00:00,2923.3240543572447,154.0553233947521,5980.4781336559945
2045-10-01 02:00:00,2907.951709791315,150.73887677230243,5111.7349942407045
2045-10-01 03:00:00,2885.537839650022,147.6456525186715,3865.2774463839783
2045-10-01 04:00:00,2905.8690050436717,153.99154557508965,2650.29609923071
2045-10-01 05:00:00,2955.358036904313,171.43477925278148,1712.3053182678216
2045-10-01 06:00:00,3034.599993731273,226.1880374330317,1000.9431823697934
2045-10-01 07:00:00,3111.56089297748,337.32088819492583,591.7525732249094
2045-10-01 08:00:00,3047.7904571330064,468.5437521505056,446.96204998902726
2045-10-01 09:00:00,3099.163840908181,613.1599582352087,446.9620499890271
2045-10-01 10:00:00,3119.69335913494,748.4167692844412,623.2287739283619
2045-10-01 11:00:00,3073.0804433543763,863.9662340579629,1089.0765443394612
2045-10-01 12:00:00,2817.899523559927,985.638369519084,1643.0576767202265
2045-10-01 13:00:00,2926.299346853877,1040.471349973913,1964.1149238954424
2045-10-01 14:00:00,2958.333329400945,1000.6102126848544,2121.4959274127064
2045-10-01 15:00:00,2925.704288354551,1003.6556035737387,2052.2482858651106
2045-10-01 16:00:00,2930.167227099498,967.4776353701892,1913.7530027699197
2045-10-01 17:00:00,3002.566011184204,901.8662033923993,1712.3053182678232
2045-10-01 18:00:00,3028.351879488345,784.690404217484,1554.9243147505597
2045-10-01 19:00:00,3107.197130649087,622.9976869181482,1825.619640800252
2045-10-01 20:00:00,3121.8752402991367,531.6837936163738,2832.8580633107363
2045-10-01 21:00:00,3121.1810053832564,441.2149564251272,4079.315611167459
2045-10-01 22:00:00,2981.639787291226,330.62421713036395,5225.049316773134
2045-10-01 23:00:00,2794.295536419981,215.4733637297327,6043.430535062903
2045-10-02 00:00:00,2684.473068457157,732.0184246717408,8883.12106109782
2045-10-02 01:00:00,2633.616744803373,693.1192396633456,8428.547701894522
2045-10-02 02:00:00,2580.3577601895668,674.8473289071088,7178.470964085449
2045-10-02 03:00:00,2518.589351342352,678.6301854308608,5473.820867073072
2045-10-02 04:00:00,2592.971730229679,703.7540627206864,3930.1655014452
2045-10-02 05:00:00,2701.9924712906463,779.9821904068622,2632.7373720524465
2045-10-02 06:00:00,2756.753119004465,1085.6084476654808,1496.3039740441957
2045-10-02 07:00:00,3105.4392908275604,1617.9205977436627,880.7358834563933
2045-10-02 08:00:00,3071.802037387262,2136.1719414977097,691.3303171216851
2045-10-02 09:00:00,3078.1090224073173,2723.3711984959955,691.3303171216851
2045-10-02 10:00:00,3073.103478740607,3337.6928230230683,1051.2008931576304
2045-10-02 11:00:00,3088.3203314874077,3805.339538940505,1931.9367766140256
2045-10-02 12:00:00,3010.33396116005,4354.924354655444,2860.0240516541
2045-10-02 13:00:00,2995.717773653253,4573.259413262195,3077.840452939013
2045-10-02 14:00:00,2940.456571572762,4452.993125667436,2860.0240516540966
2045-10-02 15:00:00,2985.106021079826,4524.796024967334,2585.385980468768
2045-10-02 16:00:00,2977.9981490730956,4343.361661130012,2717.9698769030647
2045-10-02 17:00:00,2976.2962642264147,3940.309004721928,2727.4401552198
2045-10-02 18:00:00,3032.658685913581,3434.619599612792,2528.5643105683557
2045-10-02 19:00:00,2962.180631086289,2778.8293026272295,3144.132401156158
2045-10-02 20:00:00,3025.550813906851,2374.1350292371394,4924.544724702418
2045-10-02 21:00:00,2997.9202128666066,2024.5419867213257,6818.600388049503
2045-10-02 22:00:00,2895.306567699029,1524.7766776776905,8163.379909025931
2045-10-02 23:00:00,2810.012103618272,1012.6635539433166,8788.418277930468
2045-10-03 00:00:00,2790.0310762131408,551.8289479146999,6026.338419688692
2045-10-03 01:00:00,2725.648954363208,530.310954235047,5379.787941462982
2045-10-03 02:00:00,2657.4059921430194,511.4289147811516,4513.654281953069
2045-10-03 03:00:00,2740.0488454738893,516.8084132010648,3342.5439817706515
2045-10-03 04:00:00,2775.005102880256,525.1466357519303,2195.8318128420337
2045-10-03 05:00:00,2847.3175995447664,582.4920889082056,1457.7883424145723
2045-10-03 06:00:00,2792.8484462130573,805.6336833662068,921.0294548309644
2045-10-03 07:00:00,2900.117200283934,1171.654755857104,536.7588875836085
2045-10-03 08:00:00,2844.7089236189186,1551.5011392871786,414.7682313146066
2045-10-03 09:00:00,2825.404721767642,1979.4402385912765,451.3654281953072
2045-10-03 10:00:00,2799.7353506572963,2425.2392726494877,695.3467407333106
2045-10-03 11:00:00,2853.7871158408702,2783.5676623999084,1232.1056283169185
2045-10-03 12:00:00,2841.2654713967986,3237.651124024785,1768.8645159005264
2045-10-03 13:00:00,2826.239498063913,3416.734626423697,2000.6467628116295
2045-10-03 14:00:00,3089.9244606486473,3392.473088549888,2147.035550334432
2045-10-03 15:00:00,3043.072641020414,3401.3492609427435,1957.9500331174795
2045-10-03 16:00:00,3165.4717154612104,3303.3347997319247,1573.679465870124
2045-10-03 17:00:00,3073.437628797287,3005.633357173925,1494.3855392952737
2045-10-03 18:00:00,3264.2883595323387,2627.1856433330295,1579.7789986835753
2045-10-03 19:00:00,3201.5757902749488,2150.5620833287157,2012.8458284385304
2045-10-03 20:00:00,3218.4800102744452,1835.4310658901989,3159.5579973671483
2045-10-03 21:00:00,3170.480373238839,1623.0484682720237,4379.464560057167
2045-10-03 22:00:00,3094.620077315173,1210.387144480479,5452.982335224384
2045-10-03 23:00:00,2962.516728430222,807.5703027973757,6148.329075957696
2045-10-04 00:00:00,2727.726834867496,372.0321470276308,5364.455586067004
2045-10-04 01:00:00,2611.241013341466,353.84779583096235,5411.3067265566715
2045-10-04 02:00:00,2458.3662581882786,333.8413653560705,5083.348743128998
2045-10-04 03:00:00,2592.995004128982,337.2304328135658,4111.187577968383
2045-10-04 04:00:00,2673.7104008147176,350.1307541033868,2986.7602062163464
2045-10-04 05:00:00,2642.784961471524,391.8199279891354,2084.8757517902345
2045-10-04 06:00:00,2791.3301551166637,515.4297862238034,1264.9807932210404
2045-10-04 07:00:00,2918.7429652106225,769.0632217524857,650.0595742941457
2045-10-04 08:00:00,2872.560975791453,1078.014984168026,450.94222721305584
2045-10-04 09:00:00,2901.630888774055,1409.451204876842,450.94222721305584
2045-10-04 10:00:00,2948.843726171331,1773.7212941792416,556.3572933148092
2045-10-04 11:00:00,2914.0010645113325,2057.0181803573987,966.3047725994056
2045-10-04 12:00:00,2869.159177463702,2278.3279294904,1440.6725700572963
2045-10-04 13:00:00,2741.952536965365,2374.7523648939755,1674.928272505637
2045-10-04 14:00:00,2746.2820984734117,2323.2239629058217,1715.9230204340968
2045-10-04 15:00:00,2656.59832437815,2268.8166756580745,1692.4974501892625
2045-10-04 16:00:00,2716.1813375127035,2219.4018856326584,1733.4921981177224
2045-10-04 17:00:00,2666.1852105745397,2009.3161448535136,1862.3328344643105
2045-10-04 18:00:00,2955.441153231212,1786.621615469062,1780.3433386073898
2045-10-04 19:00:00,2924.8249682814503,1480.4029719708558,1698.353842750471
2045-10-04 20:00:00,3007.7051457212096,1179.9785405774016,2483.1104459524126
2045-10-04 21:00:00,3134.087107837061,937.0224896191086,3513.8355367251133
2045-10-04 22:00:00,3035.125701938841,676.2829449053559,4380.581635783975
2045-10-04 23:00:00,2781.8463537180846,494.2572250108493,5059.923172884163
2045-10-05 00:00:00,2805.0061304940023,616.2233150481999,10215.877883915588
2045-10-05 01:00:00,2820.06241340033,594.8960436770637,9623.080327788955
2045-10-05 02:00:00,2770.562305215141,558.4313124534256,8318.925704310375
2045-10-05 03:00:00,2736.324730387053,567.4402460498538,6362.693769092496
2045-10-05 04:00:00,2724.1559537915273,628.2965117726645,4258.26244484296
2045-10-05 05:00:00,2827.899930529652,705.0256604987059,2687.34892110739
2045-10-05 06:00:00,2961.1377217281165,1020.522192161374,1659.8331571545637
2045-10-05 07:00:00,2979.0815109452474,1601.0161991366651,948.4760898026072
2045-10-05 08:00:00,2926.281395547713,2106.0067626371306,691.5971488144013
2045-10-05 09:00:00,2690.949631217297,2512.082912364566,691.5971488144013
2045-10-05 10:00:00,2890.18756666268,3080.258581565148,899.0762934587218
2045-10-05 11:00:00,2966.190857772021,3633.174220388105,1561.0335644667937
2045-10-05 12:00:00,2985.8877758207104,3988.751313765496,2381.070183775298
2045-10-05 13:00:00,2946.8033153994893,3916.618559731512,2983.7476991707063
2045-10-05 14:00:00,2915.8657477837464,3781.66841157277,3398.705988459348
2045-10-05 15:00:00,2781.390453880652,3865.261509705615,3576.545255297337
2045-10-05 16:00:00,2762.312287184277,3745.939103499862,3052.9074140521448
2045-10-05 17:00:00,2870.696899064762,3201.358260385161,2578.66936915084
2045-10-05 18:00:00,3027.447241651192,2559.395135061453,2410.710061581628
2045-10-05 19:00:00,3108.9161697059803,2266.5128652836956,2628.0691654947273
2045-10-05 20:00:00,2997.025300162378,1993.9773026761025,4090.3031372737473
2045-10-05 21:00:00,2942.472055933285,1491.4381496780695,6026.77515395407
2045-10-05 22:00:00,2757.0529006896004,954.763105433705,7903.967415021732
2045-10-05 23:00:00,2598.033803144684,676.3441576202819,9603.320409251406
2045-10-06 00:00:00,2247.795697473214,845.4551809076954,5527.033408685247
2045-10-06 01:00:00,2315.0792141701545,811.7573826774712,5765.782152040979
2045-10-06 02:00:00,2271.758402442096,770.1159347403694,5252.472353826149
2045-10-06 03:00:00,2339.981633059385,765.60059701225,4273.602506067642
2045-10-06 04:00:00,2563.445603318219,799.1311605118037,3193.264442382944
2045-10-06 05:00:00,2701.865463785529,903.9037192772414,2077.1140671948865
2045-10-06 06:00:00,2815.7587909317467,1162.281378164077,1151.9626866914175
2045-10-06 07:00:00,2888.398676974673,1733.5552181365188,626.7154513088027
2045-10-06 08:00:00,2928.9003469416857,2523.321233730743,477.4974867114689
2045-10-06 09:00:00,2835.398811867027,3301.213583447318,423.7790194564285
2045-10-06 10:00:00,2910.1060685347193,4051.93028942984,567.0282654698689
2045-10-06 11:00:00,2865.469657318173,4722.876028882251,1044.525752181336
2045-10-06 12:00:00,2884.8277640773495,5267.977633504673,1539.929394644484
2045-10-06 13:00:00,2857.3881176031773,5470.666127078034,1605.585299067311
2045-10-06 14:00:00,2825.061958743195,5331.359596429018,1432.4924601344044
2045-10-06 15:00:00,2727.425682419004,5148.15394897884,1748.8345450807517
2045-10-06 16:00:00,2570.5874291128657,5093.719044145395,2095.0202229465663
2045-10-06 17:00:00,2723.1969697774357,4710.500658812592,2059.207911443206
2045-10-06 18:00:00,2882.8543648446166,4078.855081067886,1665.2724849062456
2045-10-06 19:00:00,3042.5117599118,3310.0770241728865,1707.053514993499
2045-10-06 20:00:00,3021.0862825278577,2680.27102846556,2602.3613025775016
2045-10-06 21:00:00,3010.467515227921,2168.6163699773597,3593.1685875037965
2045-10-06 22:00:00,2660.7999654663063,1553.8615000304324,4237.790194564279
2045-10-06 23:00:00,2565.6069453350196,1103.8328397945293,4870.474364456976
2045-10-07 00:00:00,2571.4565066987834,590.7790165364642,6931.461226385227
2045-10-07 01:00:00,2699.584581695396,567.5712950047077,6842.406050029098
2045-10-07 02:00:00,2697.6856476665853,550.0055508879396,6159.6496979654585
2045-10-07 03:00:00,2574.4548235863795,550.180045034795,4838.6645820162385
2045-10-07 04:00:00,2627.4250886005793,576.3541670630913,3495.4156719779885
2045-10-07 05:00:00,2565.7597046123506,644.3487196210438,2404.489761615431
2045-10-07 06:00:00,2694.1876112977225,890.0364783933213,1410.0402923053452
2045-10-07 07:00:00,2761.7496851648907,1340.464036142497,771.811528419768
2045-10-07 08:00:00,2860.5941985593126,1804.909290355715,556.5948522257938
2045-10-07 09:00:00,2810.822138225216,2254.871530379943,556.5948522257938
2045-10-07 10:00:00,2917.462275527389,2710.592077250396,734.7052049380484
2045-10-07 11:00:00,3151.330992759895,3123.387063994441,1291.3000571638436
2045-10-07 12:00:00,3050.387657544155,3579.398434442988,1951.792615138452
2045-10-07 13:00:00,3053.785750016764,3720.9131875426456,2263.4857323848964
2045-10-07 14:00:00,3053.4859183280046,3619.008605779145,2278.3282617775844
2045-10-07 15:00:00,3121.4477677801856,3653.732941003352,2100.2179090653312
2045-10-07 16:00:00,3000.215821625045,3564.1011142353377,2196.694350117802
2045-10-07 17:00:00,3112.55276101365,3232.2132469165385,2256.064467688552
2045-10-07 18:00:00,3245.777974719176,2725.598573879953,2100.217909065329
2045-10-07 19:00:00,3396.4933702690137,2206.3039928385483,2226.3794089031767
2045-10-07 20:00:00,3347.520861104942,1928.683805191748,3339.5691133547666
2045-10-07 21:00:00,3187.7105709960633,1661.358772209413,4749.609405660111
2045-10-07 22:00:00,2890.0776479540086,1220.0630748123328,5922.169227682451
2045-10-07 23:00:00,2647.6137556437275,801.2771223595872,6649.453167924157
2045-10-08 00:00:00,2685.214422418036,315.23571790417105,6873.118330593217
2045-10-08 01:00:00,2687.962329839401,302.7011225928479,6322.108844174352
2045-10-08 02:00:00,2696.409600801374,287.1731910877759,5263.590620264425
2045-10-08 03:00:00,2691.219109005463,300.98619039851263,4089.0703992136846
2045-10-08 04:00:00,2810.295097264601,310.55863010143855,2856.5491795925404
2045-10-08 05:00:00,2707.7065535336515,347.7882490111892,1754.530206754809
2045-10-08 06:00:00,2856.3988773341653,509.8025704978432,1007.7673501608205
2045-10-08 07:00:00,3060.55822130667,745.7772404383737,630.7608594531753
2045-10-08 08:00:00,3117.246533665935,969.2173150675808,514.7588623123615
2045-10-08 09:00:00,3078.2669580221313,1232.9427059709917,529.2591119549629
2045-10-08 10:00:00,3057.4032164895475,1529.1582668107155,935.2661019478116
2045-10-08 11:00:00,3128.7470350960907,1718.299697553219,1740.029957112207
2045-10-08 12:00:00,2879.501654543417,1931.0136508214928,2320.039942816277
2045-10-08 13:00:00,2912.171220552975,1964.7822247572224,2109.7863229985524
2045-10-08 14:00:00,2945.1461096093512,1970.488271876556,1921.2830776447288
2045-10-08 15:00:00,3006.2107189730127,1960.8534710029264,2204.0379456754645
2045-10-08 16:00:00,3026.158491365141,1876.6347099683896,2233.038444960668
2045-10-08 17:00:00,3082.643255026527,1664.1078402122246,2030.0349499642443
2045-10-08 18:00:00,3502.564218750633,1458.596602160159,1928.5332024660304
2045-10-08 19:00:00,3438.2428302209114,1225.708810169432,2668.0459342387194
2045-10-08 20:00:00,3368.7309498952773,977.4801701857418,4205.0723963545
2045-10-08 21:00:00,3282.3245276456983,824.1028708414676,5423.093366333043
2045-10-08 22:00:00,3162.739667641862,604.9345364054224,6090.104849892727
2045-10-08 23:00:00,3047.4293302934834,443.8244518939632,6670.114835596793
2045-10-09 00:00:00,2845.4851053209377,515.4499042633129,6355.359526057159
2045-10-09 01:00:00,2794.163532889635,495.3490751532991,6341.543527087471
2045-10-09 02:00:00,2787.94572699892,482.5714124275868,5871.799562118027
2045-10-09 03:00:00,2795.2491815372205,487.7733857902287,4725.071647633803
2045-10-09 04:00:00,2718.5629088850624,503.12678289938464,3371.103748604234
2045-10-09 05:00:00,2736.4267639044197,559.0858749945982,2286.54782948361
2045-10-09 06:00:00,2808.5730513030394,785.1444455886209,1353.967899029569
2045-10-09 07:00:00,2917.4340020563604,1174.7368972334568,725.3399459086979
2045-10-09 08:00:00,2840.6490340726036,1539.7841153419445,525.0079608482004
2045-10-09 09:00:00,2874.6989234741413,1909.073719493752,538.8239598178899
2045-10-09 10:00:00,2980.6977096111004,2292.302592073609,773.6959423026109
2045-10-09 11:00:00,3021.360186229748,2610.1785177480447,1305.6119026356562
2045-10-09 12:00:00,2838.9712134354268,3032.7504704201137,1733.9078706960304
2045-10-09 13:00:00,2821.107358416069,3197.64797555628,1789.1718665747878
2045-10-09 14:00:00,2923.2570266206812,3130.022321841938,1968.7798531807516
2045-10-09 15:00:00,3006.7532771531464,3189.870267810196,2100.031843392801
2045-10-09 16:00:00,3032.414063368798,3109.9719973276783,2148.387839786714
2045-10-09 17:00:00,2998.4628692988595,2803.2575873148344,2203.651835665473
2045-10-09 18:00:00,3192.892672548217,2394.523893879306,2065.4918459685778
2045-10-09 19:00:00,3032.3153680371997,1924.2756028156452,2210.5598351503168
2045-10-09 20:00:00,3044.948370481828,1693.6211140080277,3205.3117609679607
2045-10-09 21:00:00,2965.005151886914,1524.9862687860789,4213.879685755293
2045-10-09 22:00:00,2877.3636974273045,1152.2118475272607,5125.7356177548
2045-10-09 23:00:00,2776.0035918754816,750.7003112845271,5968.5115549058555
2045-10-10 00:00:00,2509.3420501691353,897.6780339253105,15983.74960949467
2045-10-10 01:00:00,2659.6642792999696,854.14369668354,15886.287721631896
2045-10-10 02:00:00,2575.5447482190084,806.3429943920761,14131.973740101992
2045-10-10 03:00:00,2547.325736195044,797.3749209202713,11143.142512310307
2045-10-10 04:00:00,2587.369858019527,823.3213859163666,7861.9256209303085
2045-10-10 05:00:00,2695.856282022769,914.3952194261508,5019.28722493278
2045-10-10 06:00:00,2837.7575996289925,1203.114944013573,2891.369339928915
2045-10-10 07:00:00,2847.6118577960906,1722.9149306803145,1624.3647977128726
2045-10-10 08:00:00,2818.049083294795,2402.3988663498703,1218.273598284654
2045-10-10 09:00:00,2789.292566279897,3214.0530498854437,1153.2990063761388
2045-10-10 10:00:00,2848.4181152824895,4093.969074216112,1559.3902058043573
2045-10-10 11:00:00,2782.2154172326173,4858.9544482285055,2712.689212180498
2045-10-10 12:00:00,2619.0826524845543,5494.294565934907,3930.9628104651542
2045-10-10 13:00:00,2541.0548446341627,5673.046554649618,4450.759545733274
2045-10-10 14:00:00,2595.611601213828,5622.982066821583,4791.876153252979
2045-10-10 15:00:00,2606.720037693103,5505.178150245349,5441.622072338128
2045-10-10 16:00:00,2689.316637966422,5284.023717057155,5474.109368292385
2045-10-10 17:00:00,2765.284010018238,4867.051834955476,4970.556281001394
2045-10-10 18:00:00,2896.703980301274,4308.854562841492,4223.34847405347
2045-10-10 19:00:00,2824.0512223602086,3682.047175234476,4515.734137641788
2045-10-10 20:00:00,2785.709199673679,3019.5416310892106,6854.819446348327
2045-10-10 21:00:00,2793.861358702825,2340.667176141039,9616.239602460206
2045-10-10 22:00:00,2731.7795322501024,1611.641164690349,12085.274094983775
2045-10-10 23:00:00,2594.626175397117,1130.4996694942993,14489.333995598832
2045-10-11 00:00:00,2895.155886024509,597.2574598509967,8486.156362541768
2045-10-11 01:00:00,2842.3851780840223,568.6518495684462,8205.622267912286
2045-10-11 02:00:00,2645.8703216801628,539.8155488803912,7136.086032137397
2045-10-11 03:00:00,2670.421944486451,553.8299910147861,5610.681892589601
2045-10-11 04:00:00,2672.2556756504064,560.1739771661579,3927.4773248127217
2045-10-11 05:00:00,2828.734068307912,616.2894183051133,2454.673328007951
2045-10-11 06:00:00,2975.7381832849824,838.0982431976328,1393.9037826902295
2045-10-11 07:00:00,3027.0826558757262,1236.500573503802,832.8355934312689
2045-10-11 08:00:00,3333.519508163341,1624.060454751261,639.9684033735015
2045-10-11 09:00:00,3231.2380587960656,2078.6935713991384,639.9684033735016
2045-10-11 10:00:00,3258.3365304411805,2640.713071809332,1008.1694025746943
2045-10-11 11:00:00,3266.588320678978,3036.289444648072,1770.8714723485928
2045-10-11 12:00:00,3332.195146767151,3450.551740332672,2367.0064234362385
2045-10-11 13:00:00,3262.207740676197,3685.6829361430737,2340.7063520647243
2045-10-11 14:00:00,3237.6561178699085,3651.367738324287,2463.4400184651213
2045-10-11 15:00:00,3195.5821750524933,3652.002136939424,2857.9410890378267
2045-10-11 16:00:00,3141.3852317622636,3563.1286582188386,2928.0746126951976
2045-10-11 17:00:00,3203.324595522526,3162.304078654872,2612.4737562370324
2045-10-11 18:00:00,3290.528699763948,2869.327263664232,2314.406280693212
2045-10-11 19:00:00,3183.0516787654665,2392.547868087929,2840.407708123486
2045-10-11 20:00:00,3100.1262805732727,1967.5007959459977,4313.211704928257
2045-10-11 21:00:00,3077.917758698705,1682.5981451480145,5680.815416246969
2045-10-11 22:00:00,3032.1763535533787,1259.9733222638793,6767.885032936205
2045-10-11 23:00:00,2934.071736281779,886.77391875907,7854.954649625437
2045-10-12 00:00:00,3025.234116318984,402.1474600241113,10916.1910880092
2045-10-12 01:00:00,2870.3835325842488,376.8851587819066,10592.405759127574
2045-10-12 02:00:00,2776.323098432381,366.7171810588353,9343.519490584147
2045-10-12 03:00:00,2640.9828667597144,372.8258498459519,7308.297423328197
2045-10-12 04:00:00,2788.337367860075,402.1868707904798,5203.692785597611
2045-10-12 05:00:00,2841.528748745084,445.1840168985066,3446.0010002401964
2045-10-12 06:00:00,2935.178438643014,666.514880823968,2012.0945437644104
2045-10-12 07:00:00,3086.4350101557893,1011.5167296137628,1110.1211275941569
2045-10-12 08:00:00,3104.610443392558,1276.4753119091474,867.2821309329347
2045-10-12 09:00:00,2930.4548797227235,1588.9238676785662,844.1546074413898
2045-10-12 10:00:00,2931.6871124845384,1961.1979667953597,1237.3225067976537
2045-10-12 11:00:00,2942.7772073408723,2230.41291185854,2231.806016934087
2045-10-12 12:00:00,2952.2243251814534,2498.839641594353,3203.1620035789742
2045-10-12 13:00:00,3001.8216938445007,2509.5987808129507,3422.8734767486512
2045-10-12 14:00:00,3032.216768635935,2426.481474541796,3353.4909062740153
2045-10-12 15:00:00,3352.4946006443156,2535.4916543170502,3480.6922854775135
2045-10-12 16:00:00,3212.0200657974215,2353.4927352273467,3480.692285477513
2045-10-12 17:00:00,3119.91066685176,2070.405200402456,3492.256047223287
2045-10-12 18:00:00,3371.9022666428996,1750.4685990230223,3168.4707183416563
2045-10-12 19:00:00,3546.776632757127,1478.7707756786265,3631.0211881725536
2045-10-12 20:00:00,3384.327280324533,1277.6576349002023,5619.9882084454175
2045-10-12 21:00:00,3328.56874785241,996.6982814592096,7678.3377991929165
2045-10-12 22:00:00,3207.091134750161,715.0295342235843,9251.009396617972
2045-10-12 23:00:00,3105.9453622178576,481.6783865557319,10453.64061817831
2045-10-13 00:00:00,2814.1594040753057,341.4537521345589,10133.325056966289
2045-10-13 01:00:00,2685.715105760388,328.0417671599325,9953.974171002284
2045-10-13 02:00:00,2484.482478634001,317.9409704957502,9079.638601927756
2045-10-13 03:00:00,2508.3903472728744,308.14119095069935,7375.805185269715
2045-10-13 04:00:00,2554.6573967035683,322.9579224812713,5335.688857429153
2045-10-13 05:00:00,2609.829401254814,361.01986487809063,3564.5988585346045
2045-10-13 06:00:00,2826.9360788134886,481.2260344511735,2118.582340449811
2045-10-13 07:00:00,2868.266685731702,704.3800587671469,1143.361898020533
2045-10-13 08:00:00,2847.3593997964936,981.3492547144764,851.9167083290245
2045-10-13 09:00:00,2813.675439123102,1264.6732565101322,863.1261387017748
2045-10-13 10:00:00,2736.2410467704763,1526.357472074907,1311.5033536117876
2045-10-13 11:00:00,2846.391469892086,1807.574354036644,2353.9803782775684
2045-10-13 12:00:00,2842.229371303133,2096.3166639766623,3149.849934742841
2045-10-13 13:00:00,2883.2695992500244,2164.848228098879,3004.1273398970866
2045-10-13 14:00:00,2887.9156627911816,2113.4746397671447,2869.6141754240825
2045-10-13 15:00:00,2932.634024374823,2109.5614172184373,3261.9442384703434
2045-10-13 16:00:00,2740.3063523689884,2040.8960677099408,3441.2951244343494
2045-10-13 17:00:00,2775.732586870315,1907.5120375882216,3553.3894281618514
2045-10-13 18:00:00,2952.670173396065,1598.0329927747157,3385.2479725705966
2045-10-13 19:00:00,3058.174532976517,1312.802549224563,3811.2063267351095
2045-10-13 20:00:00,3002.7121494539497,1163.230487362898,5716.809490102665
2045-10-13 21:00:00,3100.4730697991395,963.8568154582928,7420.642906760714
2045-10-13 22:00:00,3215.2695564619075,678.1581230561575,8519.167083290246
2045-10-13 23:00:00,3097.472487095476,429.3173045743164,9595.272399074274
2045-10-14 00:00:00,2958.8497022631336,402.9748104232754,6925.793969934142
2045-10-14 01:00:00,3057.9627100412795,387.3367473822786,6491.179368581999
2045-10-14 02:00:00,2998.5146884098767,373.5453902782838,5481.751907377024
2045-10-14 03:00:00,2936.0992114557753,371.6201011099198,4051.7296706699753
2045-10-14 04:00:00,2951.5299791338093,383.5254606612313,2832.0048217139615
2045-10-14 05:00:00,3020.177112265579,426.0782804436424,1927.7260543845036
2045-10-14 06:00:00,3105.244164849616,564.6991005658457,1149.6257197056673
2045-10-14 07:00:00,3201.3897173050623,850.899229185497,644.9119891031794
2045-10-14 08:00:00,3087.439432913422,1159.770620053025,504.7137306024882
2045-10-14 09:00:00,2824.226145790024,1453.7111969618124,483.6839918273845
2045-10-14 10:00:00,2921.2619348422804,1766.590332628793,616.8723374030411
2045-10-14 11:00:00,2861.61608285603,2059.3521610671532,1156.635632630702
2045-10-14 12:00:00,2858.4507971784856,2373.4100452045604,1976.795444859745
2045-10-14 13:00:00,2998.9103491195697,2525.861514046437,2544.5983917875446
2045-10-14 14:00:00,2973.093487812089,2456.5118123696548,2460.479436687129
2045-10-14 15:00:00,2915.9205152614213,2467.474173144626,2060.91439996016
2045-10-14 16:00:00,2914.7335331323425,2441.698873257957,1857.626925134157
2045-10-14 17:00:00,2987.5351037158907,2213.925377155801,1857.626925134157
2045-10-14 18:00:00,3232.449083015977,1904.8575282098673,1724.4385795585008
2045-10-14 19:00:00,3310.295327648114,1541.0957502361264,1948.7557931596075
2045-10-14 20:00:00,3234.526301741867,1349.8241651015217,3182.5004679656886
2045-10-14 21:00:00,3248.473341758552,1178.9842201209829,4864.879569973983
2045-10-14 22:00:00,3105.540910381885,872.7060758883944,6252.842329130825
2045-10-14 23:00:00,2833.2274269355444,571.8108830040882,6925.793969934142
2045-10-15 00:00:00,2412.536969365525,211.79785961614823,8056.449058352357
2045-10-15 01:00:00,2481.134406084834,205.4808253151645,7511.041481868151
2045-10-15 02:00:00,2480.7766619559197,198.20476930512055,6295.561739989072
2045-10-15 03:00:00,2481.044970052606,200.28959910742543,4612.589789694968
2045-10-15 04:00:00,2576.74152453717,204.5635002021503,3046.490891504616
2045-10-15 05:00:00,2932.965240903542,228.87261569702468,1940.0926649223768
2045-10-15 06:00:00,2946.738389866741,315.18456951244485,1137.5643738099072
2045-10-15 07:00:00,2925.899794357485,462.99900249585767,677.8637022017937
2045-10-15 08:00:00,2967.576985375996,624.0938013199527,545.4075764842016
2045-10-15 09:00:00,2941.461663965256,786.0016837669461,537.6160396772844
2045-10-15 10:00:00,2951.4784995748546,944.1360242717672,763.5706070778832
2045-10-15 11:00:00,2928.5828753243427,1081.547156541679,1308.9781835620854
2045-10-15 12:00:00,2926.1681024541713,1257.5693367502763,1986.84188576388
2045-10-15 13:00:00,2895.849287528688,1322.15736402568,2493.2917782134964
2045-10-15 14:00:00,2880.7345980820605,1309.5649920197584,2843.9109345247684
2045-10-15 15:00:00,2831.0976001952067,1304.707338580389,2711.454808807177
2045-10-15 16:00:00,2619.4919479424234,1283.900737153387,2298.503358040567
2045-10-15 17:00:00,2698.106220271332,1171.1948380407869,2018.0080329915488
2045-10-15 18:00:00,2805.5188949778376,1003.2201008690864,1784.2619287840332
2045-10-15 19:00:00,2874.7423839227467,809.7478952151981,2181.6303059368083
2045-10-15 20:00:00,2923.574457519542,696.1872158836532,3459.4423422712243
2045-10-15 21:00:00,2893.702822755202,629.0139996533918,5033.332777268491
2045-10-15 22:00:00,2687.6422045005897,469.0867055185878,6653.972433107265
2045-10-15 23:00:00,2708.4808000098456,311.9530833188725,7822.702954144843
2045-10-16 00:00:00,2614.899186050739,642.6305734552892,6748.366207758085
2045-10-16 01:00:00,2764.246404233875,617.0122356527671,6501.474761132791
2045-10-16 02:00:00,2809.6800723189103,588.3273636494441,5623.638506465071
2045-10-16 03:00:00,2745.817486657215,591.3938978502446,4224.586975588397
2045-10-16 04:00:00,2791.0686902117877,629.6616892310698,2907.8325935868183
2045-10-16 05:00:00,2892.7926659443456,711.4359345857541,1920.266807085635
2045-10-16 06:00:00,2723.830510736545,968.3859461611772,1097.2953183346483
2045-10-16 07:00:00,2737.971511847349,1474.1085447765538,617.2286165632398
2045-10-16 08:00:00,2700.110121776487,2051.383608077279,507.4990847297748
2045-10-16 09:00:00,2735.599472951344,2594.415706135731,486.9247975110002
2045-10-16 10:00:00,2741.985731517513,3152.5888168106335,706.38386117793
2045-10-16 11:00:00,2813.694291989074,3644.3203531348577,1213.882945907705
2045-10-16 12:00:00,3021.521392185277,4051.9138573246114,1776.246796554212
2045-10-16 13:00:00,3010.117359031404,4134.518622358678,2091.719200575424
2045-10-16 14:00:00,2988.0391508455027,4007.512997542187,2290.6039770235784
2045-10-16 15:00:00,3004.27849405662,3961.323326142625,2208.30682814848
2045-10-16 16:00:00,3022.524947102819,3879.549080787944,2036.8544346586912
2045-10-16 17:00:00,3047.7050523065723,3508.24289797433,1995.7058602211423
2045-10-16 18:00:00,3188.2027407623027,2957.352806026326,1714.5239348978882
2045-10-16 19:00:00,3277.245431627753,2422.3064741157928,2016.2801474399175
2045-10-16 20:00:00,3172.966952468726,2014.904628313587,3141.007848732931
2045-10-16 21:00:00,3143.6813953295778,1623.1548841613023,4402.897464817777
2045-10-16 22:00:00,3001.815222895383,1153.0807456302327,5651.0708894234385
2045-10-16 23:00:00,2634.5141230754025,810.5872070783091,6528.907144091157
2045-10-17 00:00:00,2683.8822331038377,773.2040507100285,10013.517237284024
2045-10-17 01:00:00,2636.790175422881,749.4409076564592,9387.672409953771
2045-10-17 02:00:00,2641.900941372753,733.5988122874131,8481.27645313065
2045-10-17 03:00:00,2748.861971609345,745.6764493509435,6754.807963943748
2045-10-17 04:00:00,2698.940739920424,800.5747996397163,4618.303208574957
2045-10-17 05:00:00,2688.445416987652,914.60651581097,3096.8528524790017
2045-10-17 06:00:00,2776.332338589903,1306.4238844434171,1920.6961942204264
2045-10-17 07:00:00,2854.9103650691736,2022.2983722090264,1079.0428057418128
2045-10-17 08:00:00,2919.981367252358,2762.4065603163926,766.1203920766872
2045-10-17 09:00:00,2919.981367252358,3381.6599515737585,874.0246726508686
2045-10-17 10:00:00,2900.633467584986,3904.05696767879,1402.7556474643557
2045-10-17 11:00:00,2956.943156711247,4360.419111007896,2363.103744574569
2045-10-17 12:00:00,2944.348769191921,4909.55946632503,2934.996431617728
2045-10-17 13:00:00,2695.016401780344,4989.397352887847,2783.930438813875
2045-10-17 14:00:00,2642.6310507941625,4789.410505407313,3226.337989168019
2045-10-17 15:00:00,2726.3198432233053,4816.153844619416,3398.9848380867084
2045-10-17 16:00:00,2792.2122185055737,4742.668481447159,3140.014564708674
2045-10-17 17:00:00,2879.825349074796,4301.050466481324,3086.062424421581
2045-10-17 18:00:00,3075.494674012725,3464.007477006922,3258.709273340274
2045-10-17 19:00:00,3222.520458749202,2661.7073006438445,3906.134956785363
2045-10-17 20:00:00,3203.4463501148607,2300.868286817205,5675.7651582019325
2045-10-17 21:00:00,3180.1741123074107,2052.570891082551,7164.844230125637
2045-10-17 22:00:00,3126.146015123057,1550.094133510873,8502.857309245484
2045-10-17 23:00:00,3020.280149018581,1036.4024272373488,9797.708676135657
2045-10-18 00:00:00,2827.8794712718773,723.2104506100458,12348.655174792952
2045-10-18 01:00:00,2790.610120967655,695.4833092394817,12374.70718992965
2045-10-18 02:00:00,2743.618331453635,674.3911261313954,11488.938675282052
2045-10-18 03:00:00,2758.9221709505373,671.1085678331171,9274.517388663064
2045-10-18 04:00:00,2722.19295615797,681.8641843849225,6565.107814446888
2045-10-18 05:00:00,2857.6769469982014,749.8201253258765,4389.764550532938
2045-10-18 06:00:00,2596.2513593569847,1010.8882725378847,2631.253528806094
2045-10-18 07:00:00,2718.9521430880372,1493.494184050721,1419.8348249498224
2045-10-18 08:00:00,2664.488478996117,1968.2778289804269,976.9505676260252
2045-10-18 09:00:00,2663.8583208991863,2458.1472737490285,1003.0025827627192
2045-10-18 10:00:00,2752.6205899812244,2998.2328763146957,1328.6527719713931
2045-10-18 11:00:00,2681.232679857435,3500.743662614963,2201.395279050644
2045-10-18 12:00:00,2561.142551099383,4132.880580864262,3009.007748288157
2045-10-18 13:00:00,2574.285848549665,4444.514094202941,3334.6579374968323
2045-10-18 14:00:00,2610.0248149041972,4367.548578358204,3855.6982402307112
2045-10-18 15:00:00,2740.377518383702,4442.768052554922,4207.400444576081
2045-10-18 16:00:00,2806.544118561489,4361.961245084536,4220.426452144428
2045-10-18 17:00:00,2782.2380205369964,3951.5716161338255,4064.114361324261
2045-10-18 18:00:00,2919.7025082532973,3427.060705068501,3803.5942099573226
2045-10-18 19:00:00,2941.577996475341,2796.5999868013,3829.646225094016
2045-10-18 20:00:00,2789.8899402854468,2505.8491315729443,5470.923178705741
2045-10-18 21:00:00,2672.0503761592927,2250.508000966441,7450.876329094488
2045-10-18 22:00:00,2656.29642373601,1677.9460237475946,9378.725449209842
2045-10-18 23:00:00,2596.79149486864,1070.4632135683405,11306.574569325205
2045-10-19 00:00:00,2666.479402772046,441.2730008828158,6410.161658833976
2045-10-19 01:00:00,2713.0466902224357,419.55680989448854,5550.777348528758
2045-10-19 02:00:00,2917.9427550041523,399.9688056230169,4437.804225346597
2045-10-19 03:00:00,2946.157052694683,397.7103217602308,3268.478032636225
2045-10-19 04:00:00,2934.8348102557648,417.2114612677491,2261.1669148194583
2045-10-19 05:00:00,2928.3519133754166,469.1565901118285,1514.4887435706648
2045-10-19 06:00:00,3018.290694039405,618.6508488754753,894.6049787603457
2045-10-19 07:00:00,3016.647142717626,918.4211492783488,563.5306952821074
2045-10-19 08:00:00,2944.148267745843,1303.7532421752328,486.0452246808176
2045-10-19 09:00:00,2891.828550669228,1714.9276023482266,535.354160518002
2045-10-19 10:00:00,2938.3958381196185,2124.364667242155,1000.2669841257411
2045-10-19 11:00:00,2918.2166802244487,2468.653159171101,1880.7836955040343
2045-10-19 12:00:00,2903.607335141974,2751.658560130984,2564.06466353359
2045-10-19 13:00:00,2610.233424204516,2839.2182421959224,2395.005454948958
2045-10-19 14:00:00,2724.2776242545888,2764.6448423420047,2078.019438852772
2045-10-19 15:00:00,2692.684915513736,2703.2748866089896,1803.2982249027448
2045-10-19 16:00:00,2708.9378119179896,2623.706762827758,1711.7244869194017
2045-10-19 17:00:00,2824.442946476311,2419.748297065387,1817.386492284797
2045-10-19 18:00:00,2953.0051832020936,2106.8179849235858,1944.180898723272
2045-10-19 19:00:00,2851.7441600991865,1727.696722649364,2902.1830807028546
2045-10-19 20:00:00,2819.2383672906785,1401.3458044767783,4635.039968695334
2045-10-19 21:00:00,2873.84079453643,1103.4865288808774,6001.601904754446
2045-10-19 22:00:00,2922.1429417153636,788.1674357303604,6734.191808621183
2045-10-19 23:00:00,2783.080238211552,557.5414874343213,6875.074482441709
2045-10-20 00:00:00,2783.723535015357,899.0561898977386,11589.170291669529
2045-10-20 01:00:00,2872.0836198591883,851.2806805866751,11113.58878941959
2045-10-20 02:00:00,2837.234707086729,820.2485149057273,9862.058520340805
2045-10-20 03:00:00,2671.559548004546,802.8915408807906,7584.273430617421
2045-10-20 04:00:00,2626.7129963219545,846.5469603980558,5394.095459729551
2045-10-20 05:00:00,2775.154130235245,943.2375783248503,3792.1367153087112
2045-10-20 06:00:00,2897.791834199527,1212.7089831362434,2252.754484341807
2045-10-20 07:00:00,2949.2082628802045,1853.514438299316,1226.4996636972062
2045-10-20 08:00:00,2947.7800287501864,2612.9258826327887,926.1323991182986
2045-10-20 09:00:00,3082.319683797959,3359.3634271900487,951.1630044998744
2045-10-20 10:00:00,3088.794345187378,4135.956522578511,1351.652690605084
2045-10-20 11:00:00,3125.738001350532,4857.410543918061,2377.907511249686
2045-10-20 12:00:00,3124.690629655185,5461.2228524219245,3504.284753420593
2045-10-20 13:00:00,3081.2723121026124,5752.609628476926,3979.866255670532
2045-10-20 14:00:00,3149.922765952184,5501.108828085291,4017.4121637428934
2045-10-20 15:00:00,3147.256728909482,5489.888158008562,3454.22354265744
2045-10-20 16:00:00,3145.447632344791,5381.012593670322,3366.616423821924
2045-10-20 17:00:00,3119.453771178449,4928.85465417222,3666.983688400832
2045-10-20 18:00:00,3253.041270139543,4259.296231937532,3554.3459641837417
2045-10-20 19:00:00,3328.261600987201,3446.4989432546304,4029.927466433678
2045-10-20 20:00:00,2952.1599467489104,2948.757031569826,6132.498318486035
2045-10-20 21:00:00,3061.848327934357,2375.275596867115,8535.436435117295
2045-10-20 22:00:00,2974.1547523512004,1724.4767324169568,10562.915471024926
2045-10-20 23:00:00,2953.778612096265,1148.6284376199364,11614.200897051096
2045-10-21 00:00:00,2796.995121605233,316.0004794405317,6479.138642510822
2045-10-21 01:00:00,2802.9495936986714,297.96316361435356,6465.555542631347
2045-10-21 02:00:00,2760.701196464273,287.2374565485358,5732.0681491395535
2045-10-21 03:00:00,2661.649025767072,276.7232422981004,4496.006060107091
2045-10-21 04:00:00,2730.92883599708,276.7534555574407,3225.986221375934
2045-10-21 05:00:00,2880.2632154833186,304.67050718790745,2098.5889313792923
2045-10-21 06:00:00,2955.308466946657,367.3328070597556,1181.7296895145532
2045-10-21 07:00:00,2946.70756281169,515.1360717526593,651.9887942149259
2045-10-21 08:00:00,2926.103199059791,751.82674542482,522.9493453598883
2045-10-21 09:00:00,2992.4530309581073,1048.037539997435,482.20004572145547
2045-10-21 10:00:00,2805.028933159872,1329.8970363833914,692.7380938533587
2045-10-21 11:00:00,2753.801570070289,1580.4555960927644,1236.0620890324635
2045-10-21 12:00:00,2824.9716889013885,1834.1261215141908,1779.3860842115662
2045-10-21 13:00:00,2861.8327066226752,1993.017652384996,1922.0086329460808
2045-10-21 14:00:00,2887.3518727374126,1955.5532108029845,1915.2170830063435
2045-10-21 15:00:00,3177.797789295142,1908.3298864540452,2112.172031258769
2045-10-21 16:00:00,3030.637264700158,1854.3690052722136,2200.462180475374
2045-10-21 17:00:00,3081.675596929633,1768.2612161522677,2159.712880836941
2045-10-21 18:00:00,3249.9130624267877,1612.0284521034105,1799.7607340307843
2045-10-21 19:00:00,3282.426370365564,1307.6902907682477,2010.2987821626884
2045-10-21 20:00:00,3201.332131378733,1088.916079884904,3110.5298724003733
2045-10-21 21:00:00,3242.6353743125846,901.593871974846,4265.093362155971
2045-10-21 22:00:00,3063.8121806493164,666.7764203817859,5202.327253839926
2045-10-21 23:00:00,3062.2999337684428,439.2403642897459,6003.730146729107
2045-10-22 00:00:00,2962.5530711956176,195.6888618910459,5971.007389038332
2045-10-22 01:00:00,2972.1272982298274,188.86341587865584,5572.158172481748
2045-10-22 02:00:00,2999.0308761959577,182.97671315736807,4844.844895231496
2045-10-22 03:00:00,2665.8477754054475,179.1435113853668,3742.144120045638
2045-10-22 04:00:00,2802.376252913283,194.7110042961476,2516.2693220996507
2045-10-22 05:00:00,2881.3636259455157,221.03493075080968,1607.1277255368404
2045-10-22 06:00:00,2902.2354408800948,287.25544707732206,1020.5847600124464
2045-10-22 07:00:00,2907.2140389378833,460.1797841591357,568.9466765586626
2045-10-22 08:00:00,2932.394256037855,659.8974193411625,410.5800758670763
2045-10-22 09:00:00,2887.49113124741,806.302258449334,416.4455055223203
2045-10-22 10:00:00,2848.236800407149,944.1801793299932,545.4849579376869
2045-10-22 11:00:00,2863.364079121201,1102.338866728843,973.661322770494
2045-10-22 12:00:00,2898.8844614181207,1230.770683242785,1478.088273121473
2045-10-22 13:00:00,2822.482129685125,1277.8838621649836,1794.821474504646
2045-10-22 14:00:00,2756.1327363380487,1198.5404969149365,1959.0535048514764
2045-10-22 15:00:00,2857.2365738193066,1198.853411345304,2076.3620979563552
2045-10-22 16:00:00,2840.2901919687547,1210.13788799043,1742.0326076074507
2045-10-22 17:00:00,2739.760808109549,1098.9163651466988,1519.1462807081807
2045-10-22 18:00:00,2762.164499369601,887.7186818005657,1495.6845620872052
2045-10-22 19:00:00,2896.490904659568,691.7755769348469,1618.8585848473276
2045-10-22 20:00:00,2974.903824069748,619.3945577604749,2533.865611065383
2045-10-22 21:00:00,2897.448327362989,519.5944116251555,3695.2206828036865
2045-10-22 22:00:00,2906.2566162344624,376.20137390927016,4727.536302126619
2045-10-22 23:00:00,2857.5238006303334,244.3470558131848,5677.735906276138
2045-10-23 00:00:00,2660.308857446958,546.9931066514939,5843.136583679732
2045-10-23 01:00:00,2772.376774019374,520.125347992266,5353.361002591564
2045-10-23 02:00:00,2706.8988901793105,514.310281989868,4407.980229793481
2045-10-23 03:00:00,2628.829105600774,504.0800732819456,3291.747510104174
2045-10-23 04:00:00,2720.21032810284,525.4019819574047,2181.2098553112455
2045-10-23 05:00:00,2809.8826497903992,588.8292759465236,1315.559991062396
2045-10-23 06:00:00,2837.494889266909,806.2481325917372,768.8337610104915
2045-10-23 07:00:00,2865.6467816322106,1181.9660081911202,495.4706459845385
2045-10-23 08:00:00,2976.0957395382507,1623.9110243733685,387.2644129534322
2045-10-23 09:00:00,3026.8231110846737,2111.6227637226366,398.6545427461803
2045-10-23 10:00:00,2628.109568415718,2510.977805757692,626.4571386011409
2045-10-23 11:00:00,2775.075038463332,2868.873580923798,1110.5376547929309
2045-10-23 12:00:00,2713.824435585471,3332.302035392682,1577.5329762956003
2045-10-23 13:00:00,2794.862311052362,3471.7020898390565,1736.9947933940723
2045-10-23 14:00:00,2765.721055057609,3368.430825092768,1890.761545596171
2045-10-23 15:00:00,2870.683541927601,3388.083594452723,1976.1875190417811
2045-10-23 16:00:00,2788.476418534993,3242.9761604114033,1776.8602476686915
2045-10-23 17:00:00,2805.025773791273,3062.439898318438,1440.8514187826245
2045-10-23 18:00:00,2937.9602687303027,2596.1039108483515,1332.645185751518
2045-10-23 19:00:00,3008.8346814582833,2036.834553747353,1776.8602476686904
2045-10-23 20:00:00,2919.791954807648,1774.1335627686508,2801.9719290160106
2045-10-23 21:00:00,2849.9968478572505,1531.6237731871631,3884.034259327072
2045-10-23 22:00:00,2830.839170305144,1150.3062044002877,4829.415032125158
2045-10-23 23:00:00,2765.451228613213,727.5293687444616,5603.943858032024
2045-10-24 00:00:00,2507.1530437059696,615.786905751277,13537.386252364917
2045-10-24 01:00:00,2558.934994608659,586.2665228163277,13395.484928964855
2045-10-24 02:00:00,2572.0112448366112,571.1809563866441,12089.992753684386
2045-10-24 03:00:00,2533.741419169472,559.644934999239,9592.529461843484
2045-10-24 04:00:00,2563.3809196861625,556.8052989654163,6825.4536555424775
2045-10-24 05:00:00,2668.949846526494,612.4148379611124,4526.652216461644
2045-10-24 06:00:00,2876.077650137251,803.1437248995423,2667.744879920969
2045-10-24 07:00:00,2875.4674251266138,1115.7403249562012,1461.583631020531
2045-10-24 08:00:00,2853.063449736056,1521.2166869524783,1064.2599255003868
2045-10-24 09:00:00,2925.24435099435,2051.9328298571486,1050.0697931603816
2045-10-24 10:00:00,2897.958575518691,2543.899772716946,1419.0132340005157
2045-10-24 11:00:00,2970.7497017876226,2968.307041605375,2469.083027160897
2045-10-24 12:00:00,2912.1681007663983,3534.9919076051324,3561.7232173412935
2045-10-24 13:00:00,2924.8956509882714,3807.478648684045,3987.427187541448
2045-10-24 14:00:00,2941.458901277011,3789.849241640729,4200.279172641524
2045-10-24 15:00:00,2980.9491769654246,3769.912630319931,4441.511422421611
2045-10-24 16:00:00,2970.052301775465,3624.499601754588,4484.081819441629
2045-10-24 17:00:00,2692.8357969428853,3427.9139654964,4342.180496041578
2045-10-24 18:00:00,2871.718900061267,3065.682893931881,3944.856790521433
2045-10-24 19:00:00,2864.5705499366536,2487.6394837968323,4171.898907961515
2045-10-24 20:00:00,2873.2880500886213,2135.0513429305033,6243.658229602264
2045-10-24 21:00:00,2839.7256745035447,1875.047168583604,8684.360992083151
2045-10-24 22:00:00,2776.872498407857,1404.2000187253648,10784.500578403911
2045-10-24 23:00:00,2702.9480971191692,899.868827301631,12600.837517924572
2045-10-25 00:00:00,2608.616809438307,556.8516515401523,7889.524181907754
2045-10-25 01:00:00,2620.18692834745,527.7380236268565,7746.367493123142
2045-10-25 02:00:00,2712.5698777912226,516.6598600642607,6744.270671630828
2045-10-25 03:00:00,2623.3909612761354,506.33094427884504,5233.172290015426
2045-10-25 04:00:00,2572.482438075907,517.0344839528511,3722.073908400031
2045-10-25 05:00:00,2746.746229030537,566.9664965320883,2393.897962453866
2045-10-25 06:00:00,2820.3499854756233,756.6332195554711,1375.8948422077035
2045-10-25 07:00:00,2838.506172071509,1107.3882146726417,787.3617883153906
2045-10-25 08:00:00,2859.0653833639094,1472.96761223831,588.5330538923121
2045-10-25 09:00:00,2903.921844365509,1898.1657257881916,548.7673070076964
2045-10-25 10:00:00,2865.7404519653383,2334.227932107188,699.877145169236
2045-10-25 11:00:00,2881.137610205966,2726.4591434611307,1272.5039003077031
2045-10-25 12:00:00,2862.358417207281,3208.6536057750936,2028.0530911154017
2045-10-25 13:00:00,2973.7875623937957,3444.55962019018,2449.570008092328
2045-10-25 14:00:00,2915.046958701224,3358.2890904176943,2449.570008092329
2045-10-25 15:00:00,2904.9898553417383,3423.6877178258705,2537.054651238484
2045-10-25 16:00:00,2887.812678807395,3300.4364584796936,2576.8203981231
2045-10-25 17:00:00,2992.2107517337386,3045.050001857913,2330.2727674384805
2045-10-25 18:00:00,3070.1755529984252,2667.1080159687685,1988.287344230785
2045-10-25 19:00:00,3104.9749106405397,2162.329084942655,2131.4440330154016
2045-10-25 20:00:00,3184.808731113627,1923.3190440221051,3340.3227383077215
2045-10-25 21:00:00,3050.061346279453,1667.9861050986965,4946.858912446196
2045-10-25 22:00:00,2946.820285244024,1246.9623720216773,6267.08170901544
2045-10-25 23:00:00,2886.032660513681,784.0877988192958,7285.0848292616
2045-10-26 00:00:00,2482.878096654966,425.7825966117523,5878.7910166067695
2045-10-26 01:00:00,2635.8288985210434,407.05450238382554,5830.105376717688
2045-10-26 02:00:00,2589.35069020028,394.4161670807924,5318.906157882317
2045-10-26 03:00:00,2565.6319797626675,388.2846974783309,4272.164900267031
2045-10-26 04:00:00,2602.605263680123,402.8834346270488,3012.4239681370113
2045-10-26 05:00:00,2683.789526244157,450.558739087005,1971.7684155078612
2045-10-26 06:00:00,2720.8500113029277,589.622138097936,1180.6267673102625
2045-10-26 07:00:00,2717.972373639541,880.0118753247209,651.1704335164844
2045-10-26 08:00:00,2720.065201031094,1234.4692132955938,450.34216897401734
2045-10-26 09:00:00,2761.8345477208613,1590.1778715935009,456.42787396015274
2045-10-26 10:00:00,2689.370399288301,1926.1156687242851,602.4847936274016
2045-10-26 11:00:00,2648.385862870368,2238.7371970946906,1022.3984376707436
2045-10-26 12:00:00,2708.554650377547,2564.2056141559665,1436.2263767279487
2045-10-26 13:00:00,2760.352128318511,2707.1063955031323,1606.6261163397385
2045-10-26 14:00:00,2700.619346517905,2623.3930656246266,1801.3686758960705
2045-10-26 15:00:00,2715.966747389301,2606.041423756437,2008.282645424672
2045-10-26 16:00:00,2776.222736037796,2558.115855231073,2002.196940438538
2045-10-26 17:00:00,2753.3760370133314,2370.2509634658563,1843.9686107990171
2045-10-26 18:00:00,2815.637651912064,2039.151604932932,1710.0831011040405
2045-10-26 19:00:00,2862.900670504661,1628.5934056334129,1752.6830360069885
2045-10-26 20:00:00,2988.2959117152755,1398.2253334266427,2555.996094176858
2045-10-26 21:00:00,2907.9836605643877,1191.382083368092,3541.8803019307884
2045-10-26 22:00:00,2814.5040370749725,881.0546422639152,4442.564639878821
2045-10-26 23:00:00,2790.0877175068413,578.8190726078849,5355.420387799129
2045-10-27 00:00:00,2636.526097979903,468.07240566647863,6161.09775800565
2045-10-27 01:00:00,2647.686354679921,445.3724829862421,5722.808283350778
2045-10-27 02:00:00,2624.604914686702,436.02011484198454,4633.345874922946
2045-10-27 03:00:00,2655.887452406449,418.3595749967605,3468.748127982852
2045-10-27 04:00:00,2661.636675554942,431.5709299966583,2441.898501648579
2045-10-27 05:00:00,2728.767310553533,478.6959694808293,1496.4454920359242
2045-10-27 06:00:00,2747.536833185381,642.9526099950217,820.2274454255488
2045-10-27 07:00:00,2534.392839694894,900.9145313332308,532.2086477952038
2045-10-27 08:00:00,2643.543532117035,1241.004772928536,444.55075286422897
2045-10-27 09:00:00,2696.8929410390892,1663.3141344716578,425.7669182361629
2045-10-27 10:00:00,2678.884345000424,2029.8724859121185,688.7406030290869
2045-10-27 11:00:00,2703.487638180008,2401.697219414395,1314.8684239646204
2045-10-27 12:00:00,2700.5284792065186,2836.6731378130876,1959.7800795282203
2045-10-27 13:00:00,2651.998272041291,2938.6411904927113,2059.960530877906
2045-10-27 14:00:00,2626.8031470670085,2899.188724874461,1847.077071759824
2045-10-27 15:00:00,2710.7587145148677,2901.2317179156807,1878.3834628066004
2045-10-27 16:00:00,2735.1929128959673,2738.200873226222,1934.734966690798
2045-10-27 17:00:00,2711.012356712596,2618.4360811652923,1703.0676729446518
2045-10-27 18:00:00,2679.898913791335,2239.4835719414245,1483.9229356172134
2045-10-27 19:00:00,2802.9999270884973,1845.2313148310757,2041.1766962498389
2045-10-27 20:00:00,2781.440340281646,1626.9034584925591,3331.000007377038
2045-10-27 21:00:00,2770.1109887831426,1343.4722239071257,4633.345874922948
2045-10-27 22:00:00,2680.9134825822457,953.4875522606592,5472.357154976566
2045-10-27 23:00:00,2692.1582866815056,589.4261923150239,5960.736855306277
2045-10-28 00:00:00,2600.519487008464,317.7776480321402,5457.294635775877
2045-10-28 01:00:00,2564.649069058044,300.5809351835468,5090.511085917211
2045-10-28 02:00:00,2574.8609823023016,294.0732211805141,4234.682802913663
2045-10-28 03:00:00,2742.284870869933,297.2799208341824,3234.3640305718536
2045-10-28 04:00:00,2742.284870869933,309.98096652126037,2228.487931717034
2045-10-28 05:00:00,2860.1938523624635,348.52423882907624,1361.544995687465
2045-10-28 06:00:00,2856.6754620850297,478.1126307155506,761.3537322823779
2045-10-28 07:00:00,2863.368985051855,722.513445496106,494.60205965789527
2045-10-28 08:00:00,2897.694743856085,990.3043048093004,389.012855910704
2045-10-28 09:00:00,2858.1343068342103,1275.3233152029868,400.1275089367241
2045-10-28 10:00:00,2929.016998764945,1536.2606399622632,666.8791815612074
2045-10-28 11:00:00,2906.8768843362163,1717.1247880755293,1194.825200297163
2045-10-28 12:00:00,2861.995954699686,1932.0679795669955,1628.296668311947
2045-10-28 13:00:00,2847.66495039892,2029.4950602210904,1617.1820152859268
2045-10-28 14:00:00,2612.533502589944,1955.709529954824,1644.9686478509782
2045-10-28 15:00:00,2803.1272783504314,1954.4520006788755,1772.7871576502096
2045-10-28 16:00:00,2741.4267268998283,1895.6939452601905,1789.4591371892393
2045-10-28 17:00:00,2809.9066157142665,1742.5583176815842,1528.2647910777666
2045-10-28 18:00:00,2809.3917293322033,1516.863250880759,1389.3316282525143
2045-10-28 19:00:00,2877.6141749556105,1175.2868613012977,1889.491014423421
2045-10-28 20:00:00,2820.3759721495567,964.619269348056,2934.268398869311
2045-10-28 21:00:00,2695.773467690202,833.1760217795578,3901.243212133058
2045-10-28 22:00:00,2654.4967427281154,650.3312650566733,4623.6956588243675
2045-10-28 23:00:00,2621.458199879044,444.5365990477307,5201.657616177415
2045-10-29 00:00:00,2671.225902772384,215.95990958958956,4594.975148225221
2045-10-29 01:00:00,2600.079005017882,207.02907205537585,4413.845422465307
2045-10-29 02:00:00,2700.0891145229184,200.4185011354432,3803.724240958224
2045-10-29 03:00:00,2580.224056807323,200.4403904431251,2945.7413294638886
2045-10-29 04:00:00,2588.5888729515864,211.34126566870944,2078.2252745085034
2045-10-29 05:00:00,2661.2984286671044,243.9344448070531,1329.8735128162211
2045-10-29 06:00:00,2794.675881692664,330.2658743044522,762.6514768838538
2045-10-29 07:00:00,2862.973226694724,482.7467916165424,438.524599208216
2045-10-29 08:00:00,2825.009830347684,710.1548091237639,352.7263080587824
2045-10-29 09:00:00,2895.605201763003,950.1272892403936,338.4265928672102
2045-10-29 10:00:00,3138.092948890104,1129.0286009245335,514.7897468966013
2045-10-29 11:00:00,3094.24660492512,1269.5798455499898,939.0146309132456
2045-10-29 12:00:00,3069.6117617749824,1412.8672536356837,1344.173228007793
2045-10-29 13:00:00,3063.5449720439783,1426.963967782825,1415.6718039656544
2045-10-29 14:00:00,2954.618520055497,1393.670330798659,1377.5392301214615
2045-10-29 15:00:00,2998.924469303133,1330.388342290297,1487.1703799235154
2045-10-29 16:00:00,2929.615992679237,1287.1131810031875,1482.4038081929918
2045-10-29 17:00:00,3013.53991729146,1233.2654841057229,1406.1386605046062
2045-10-29 18:00:00,3156.6610023092376,1045.3676669643246,1239.3086499362628
2045-10-29 19:00:00,3175.596739954493,809.970052153211,1496.7035233845634
2045-10-29 20:00:00,3086.5252361765693,626.231203471373,2354.6864348788986
2045-10-29 21:00:00,2776.1997493300605,512.2754676794204,3212.6693463732367
2045-10-29 22:00:00,2822.6198828778943,379.7357096655383,3851.389958263466
2045-10-29 23:00:00,2770.592564881708,273.02533471629346,4366.179705160068
2045-10-30 00:00:00,2826.225235151453,680.7284006643424,13232.850087828889
2045-10-30 01:00:00,2851.1642224511684,638.1333464900603,12331.213007696268
2045-10-30 02:00:00,2833.9582544691943,617.8594214799756,10421.863896827155
2045-10-30 03:00:00,2775.960609586136,591.7740782259581,7876.065082335027
2045-10-30 04:00:00,2769.0975549416407,621.0953248203475,5396.563111970301
2045-10-30 05:00:00,2921.438035501141,691.8229264027602,3473.9546322757215
2045-10-30 06:00:00,2970.0593944614393,859.8257447273712,2068.461536774857
2045-10-30 07:00:00,2946.2803600593847,1275.077993793862,1233.1213007696265
2045-10-30 08:00:00,2929.4610430432977,1862.361430649508,928.15581778359
2045-10-30 09:00:00,3021.967286631777,2512.579885533203,941.4151866090704
2045-10-30 10:00:00,2971.992649290875,3125.5524325807796,1339.1962513734657
2045-10-30 11:00:00,2886.7361113127777,3698.439401513957,2413.2051262373298
2045-10-30 12:00:00,2872.7200137993727,4170.88128920824,3659.585795832435
2045-10-30 13:00:00,2951.113497132973,4391.517065946655,4269.51676180451
2045-10-30 14:00:00,2929.847694009185,4205.353565609753,4402.110450059308
2045-10-30 15:00:00,2934.970819307189,4145.918606296798,4242.998024153549
2045-10-30 16:00:00,3017.9074514899626,4002.152043603137,3911.5138035165537
2045-10-30 17:00:00,3274.353704614554,3783.4313933314743,3487.214001101201
2045-10-30 18:00:00,3382.6159750629304,3318.9141668789157,3301.582837544484
2045-10-30 19:00:00,3372.6597126913384,2679.1298492968294,3977.8106476439552
2045-10-30 20:00:00,3329.354804511988,2250.86794802517,6258.422085626485
2045-10-30 21:00:00,3196.8301859541984,1743.6235897109668,8989.85206367533
2045-10-30 22:00:00,3179.430892489281,1254.4738745653715,11270.463501657869
2045-10-30 23:00:00,3049.9028189171167,827.202555948928,12835.06902306449
2045-10-31 00:00:00,3037.291901607678,308.5988325970588,14922.637891335498
2045-10-31 01:00:00,3051.737272878345,294.06939666663015,13779.627329445966
2045-10-31 02:00:00,3020.3033311696404,287.52316729138204,11842.859432910938
2045-10-31 03:00:00,2946.448827349191,305.08622171277943,9175.834788502038
2045-10-31 04:00:00,2701.691339481419,330.6644155155779,6350.058677164041
2045-10-31 05:00:00,2983.070895359331,382.5552581242513,4159.288433542448
2045-10-31 06:00:00,3019.9981472695563,592.09846378463,2492.3980307868856
2045-10-31 07:00:00,3098.226953657884,892.0115676496523,1460.513495747729
2045-10-31 08:00:00,3147.666745471573,1192.978454779959,1127.1354151966168
2045-10-31 09:00:00,3172.895281211893,1519.0445433197524,1206.5111486611677
2045-10-31 10:00:00,3041.869660108945,1785.2685155219124,1984.393336613762
2045-10-31 11:00:00,2960.5890147197724,1910.8922538742345,3556.032859211865
2045-10-31 12:00:00,3062.215253447913,2080.9984191520207,4778.419154565945
2045-10-31 13:00:00,3048.1767940440254,2017.8991545398728,4683.168274408484
2045-10-31 14:00:00,2963.0304859204484,1969.7763854252448,4683.168274408482
2045-10-31 15:00:00,2973.508466490017,1954.576360144182,4762.544007873032
2045-10-31 16:00:00,3106.161735060082,1830.3895989717917,4540.2919541722895
2045-10-31 17:00:00,3023.558626103875,1664.4347011027005,4413.290780629009
2045-10-31 18:00:00,3122.438209731254,1371.8022816160026,4429.165927321917
2045-10-31 19:00:00,3161.501748942071,1058.7967190004836,5683.302516061813
2045-10-31 20:00:00,3153.566967539873,789.6029939597962,8731.330681100559
2045-10-31 21:00:00,3034.3417905735273,652.2918412106908,11430.105618895284
2045-10-31 22:00:00,2991.616044561697,506.67815364419846,13366.873515430316
2045-10-31 23:00:00,2937.5984942467403,388.6544279324094,14795.636717792217
2045-11-01 00:00:00,2666.0482146388213,971.7909946344516,4169.871713408636
2045-11-01 01:00:00,2680.27145943599,780.2251119634439,2084.935856704317
2045-11-01 02:00:00,2642.732895635869,662.5798495547517,0.0
2045-11-01 03:00:00,2678.561069238862,664.636206487378,0.0
2045-11-01 04:00:00,2686.662917541047,699.8107329665177,0.0
2045-11-01 05:00:00,2698.0055051641048,843.3228010014082,0.0
2045-11-01 06:00:00,2807.110395633522,1150.5858184607248,0.0
2045-11-01 07:00:00,2887.2286732884572,1499.1383185409404,0.0
2045-11-01 08:00:00,2820.253393990399,2049.884819754476,0.0
2045-11-01 09:00:00,2741.6654654592103,2617.828958683504,0.0
2045-11-01 10:00:00,2796.848054450755,3164.5709753440306,0.0
2045-11-01 11:00:00,2821.9637841875265,3737.201443493203,0.0
2045-11-01 12:00:00,2852.0306434422996,4180.270601955673,0.0
2045-11-01 13:00:00,2632.4705544531016,4028.608866708847,0.0
2045-11-01 14:00:00,2670.3692003999868,3980.6957501786446,0.0
2045-11-01 15:00:00,2704.577004342543,3821.2631503127336,1303.0849104401984
2045-11-01 16:00:00,2670.0091182532237,3576.513383605267,4430.488695496675
2045-11-01 17:00:00,2713.489037474946,3370.6179399932184,8860.977390993348
2045-11-01 18:00:00,2814.402059105488,3145.1546367275423,12509.615140225902
2045-11-01 19:00:00,2867.4241552164503,2915.4054526970267,15637.018925282377
2045-11-01 20:00:00,2797.1181160608285,2757.0335000911027,16418.86987154649
2045-11-01 21:00:00,2761.1099013844523,2525.660876376934,16418.86987154649
2045-11-01 22:00:00,2742.5656708261195,2092.397293603725,13291.466086490023
2045-11-01 23:00:00,2685.222588953992,1539.9948839128642,8860.97739099335
2045-11-02 00:00:00,2627.166270554112,1005.5928315386408,2441.3858496469275
2045-11-02 01:00:00,2638.9336808011967,854.3697840937473,1005.2765263252056
2045-11-02 02:00:00,2561.3423194844845,787.923293549779,0.0
2045-11-02 03:00:00,2551.137768410841,848.9785881064072,0.0
2045-11-02 04:00:00,2551.781298658728,912.7294806567056,0.0
2045-11-02 05:00:00,2669.915065592347,1192.2629926002974,0.0
2045-11-02 06:00:00,2668.8118708816833,1699.9788747080656,0.0
2045-11-02 07:00:00,2707.79141732515,2328.471024922224,0.0
2045-11-02 08:00:00,2756.97551484226,3272.132492556293,0.0
2045-11-02 09:00:00,2785.382778641861,3925.518490241997,0.0
2045-11-02 10:00:00,2775.821757816106,4620.24148316063,0.0
2045-11-02 11:00:00,2769.8461198000077,5127.135207880332,0.0
2045-11-02 12:00:00,2744.656507239844,5275.312229592379,0.0
2045-11-02 13:00:00,2732.245566744872,4892.442968561441,0.0
2045-11-02 14:00:00,2725.902197158553,4753.228810178347,0.0
2045-11-02 15:00:00,2643.1625938587413,4338.605404781973,718.054661660861
2045-11-02 16:00:00,2681.7744087319875,4162.340251975886,3015.8295789756157
2045-11-02 17:00:00,2749.804749222943,4185.684130601069,5457.215428622543
2045-11-02 18:00:00,2831.349224919535,3865.474044932994,7324.157548940785
2045-11-02 19:00:00,2776.92495252677,3684.087255938932,8329.43407526599
2045-11-02 20:00:00,2782.9925234354228,3090.1257160236883,9047.488736926856
2045-11-02 21:00:00,2769.754186907453,2585.159343869462,8185.823142933822
2045-11-02 22:00:00,2652.8155475770536,1960.912760495334,7467.768481272956
2045-11-02 23:00:00,2598.6670738619546,1334.4557867663964,4308.3279699651675
2045-11-03 00:00:00,2682.569530384451,1120.5319359472064,1589.9561350045458
2045-11-03 01:00:00,2629.8355926708136,948.262182783014,1377.9619836706063
2045-11-03 02:00:00,2620.915911756425,852.7140452433013,0.0
2045-11-03 03:00:00,2589.746037791859,890.7917474628308,0.0
2045-11-03 04:00:00,2632.8741652900007,993.2759720239447,0.0
2045-11-03 05:00:00,2794.212569521688,1229.1029307515903,0.0
2045-11-03 06:00:00,2859.688908541594,1818.104116385285,0.0
2045-11-03 07:00:00,2941.7303692596515,2540.320638668792,0.0
2045-11-03 08:00:00,2946.5332743673994,3248.565899952049,0.0
2045-11-03 09:00:00,2959.863786503189,4022.803074896067,0.0
2045-11-03 10:00:00,2924.9692106183284,4741.792193422679,0.0
2045-11-03 11:00:00,2925.459302976261,5112.901159626922,0.0
2045-11-03 12:00:00,2913.5990679142724,5441.077162696653,0.0
2045-11-03 13:00:00,2934.37898389065,5162.246464436318,0.0
2045-11-03 14:00:00,2871.2550881888237,4883.175126422182,0.0
2045-11-03 15:00:00,2982.2119980249536,4657.355950396843,741.9795296687878
2045-11-03 16:00:00,2935.457187078104,4583.394614301287,2437.9327403403036
2045-11-03 17:00:00,2964.274617724589,4369.5932706865,4557.874253679698
2045-11-03 18:00:00,3187.266640584303,4160.930293579402,6041.833313017273
2045-11-03 19:00:00,3214.417757213814,3665.594593293898,6677.815767019092
2045-11-03 20:00:00,3135.708924529705,3222.9306885321366,5511.847934682425
2045-11-03 21:00:00,3034.8479172670045,2785.2777527613453,5087.859632014545
2045-11-03 22:00:00,3016.910536966641,2129.0956099775067,4769.868405013637
2045-11-03 23:00:00,2887.722191415387,1676.268214437446,3497.9034970100015
2045-11-04 00:00:00,2629.578170870273,399.2830548334666,1583.6442009584932
2045-11-04 01:00:00,2541.316866523933,330.4308186679857,395.9110502396233
2045-11-04 02:00:00,2515.9227196915267,295.6302322957303,0.0
2045-11-04 03:00:00,2569.9447249379937,318.9970535614628,0.0
2045-11-04 04:00:00,2606.94218979869,349.2540913542702,0.0
2045-11-04 05:00:00,2704.1437555766643,416.3088797300793,0.0
2045-11-04 06:00:00,2935.734570321641,646.4820550185973,0.0
2045-11-04 07:00:00,2983.574479897297,846.068660419535,0.0
2045-11-04 08:00:00,2884.756058328496,1038.605276156538,0.0
2045-11-04 09:00:00,2892.174573133468,1353.647944580723,0.0
2045-11-04 10:00:00,2922.9899423233537,1632.4770329535506,0.0
2045-11-04 11:00:00,2914.5252267125525,1815.5720548842496,0.0
2045-11-04 12:00:00,2863.166278062742,1902.658400293845,0.0
2045-11-04 13:00:00,2890.557717342641,1852.6494084567569,0.0
2045-11-04 14:00:00,2878.3837443293523,1756.7106326830285,0.0
2045-11-04 15:00:00,2978.533694196482,1733.9579394121,791.8221004792467
2045-11-04 16:00:00,2882.2832200601715,1604.132279892532,2507.4366515176143
2045-11-04 17:00:00,2970.544524406512,1531.8848645687815,5278.814003194978
2045-11-04 18:00:00,3105.6946466868453,1386.6261186106724,7786.250654712592
2045-11-04 19:00:00,3105.504428358512,1276.552413135387,9237.924505591216
2045-11-04 20:00:00,3042.161725023747,1248.0878302217243,8710.04310527172
2045-11-04 21:00:00,3089.1456521219066,1053.9035540108555,7918.221004792472
2045-11-04 22:00:00,2956.468368109897,830.5207370388748,5542.754703354727
2045-11-04 23:00:00,2965.884175362363,571.4885389050718,2903.347701757237
2045-11-05 00:00:00,2654.322829295443,186.36394875131447,2760.9363444315636
2045-11-05 01:00:00,2669.8855127379293,156.30596081480408,1472.4993836968338
2045-11-05 02:00:00,2608.753055622533,136.15671356670913,0.0
2045-11-05 03:00:00,2541.5632666283263,137.12989345575,0.0
2045-11-05 04:00:00,2584.057779501223,145.04803891658204,0.0
2045-11-05 05:00:00,2738.845906435174,185.83312335729204,0.0
2045-11-05 06:00:00,2791.0321503141704,257.6714933483045,0.0
2045-11-05 07:00:00,2717.132701392663,341.0730098391017,0.0
2045-11-05 08:00:00,2763.541182556485,482.5114360763322,0.0
2045-11-05 09:00:00,2878.257729369064,606.7953549967434,0.0
2045-11-05 10:00:00,2902.766626047949,694.3483684232901,0.0
2045-11-05 11:00:00,2936.5944948480847,768.374181392169,0.0
2045-11-05 12:00:00,2926.9959535631983,868.3927444883382,0.0
2045-11-05 13:00:00,2937.246822896572,807.4097538050811,0.0
2045-11-05 14:00:00,2890.7451520115383,784.9049688710121,0.0
2045-11-05 15:00:00,2927.648281611685,737.8074857863874,2392.8114985073553
2045-11-05 16:00:00,2924.10707220561,715.4177130210234,6626.247226635753
2045-11-05 17:00:00,3018.2286906302284,685.3265484973863,9387.183571067311
2045-11-05 18:00:00,3094.7374517456856,668.8886554624971,9203.12114810521
2045-11-05 19:00:00,3141.2391226307195,605.0790195560712,9939.370839953632
2045-11-05 20:00:00,3248.8732506311494,516.546190923059,9203.121148105212
2045-11-05 21:00:00,3086.0708076729234,453.0019677136447,8834.996302181002
2045-11-05 22:00:00,2907.2397326661494,363.7038658042504,8098.746610332581
2045-11-05 23:00:00,2843.2183941931658,298.4786955137654,5521.8726888631245
2045-11-06 00:00:00,2980.254419446444,758.4732172855602,3412.505204458851
2045-11-06 01:00:00,2881.2292656716136,632.9678451283127,1592.502428747464
2045-11-06 02:00:00,2928.6250379162925,548.723270898484,0.0
2045-11-06 03:00:00,2996.672562773032,607.5765848652859,0.0
2045-11-06 04:00:00,2993.781317407344,642.8523000164196,0.0
2045-11-06 05:00:00,2928.6250379162925,831.6544566864984,0.0
2045-11-06 06:00:00,3258.433527130899,1328.779059407618,0.0
2045-11-06 07:00:00,3291.889366362437,1591.2702806838952,0.0
2045-11-06 08:00:00,3269.3789560152904,2026.7938723454636,0.0
2045-11-06 09:00:00,3241.086054936768,2549.1102325704005,0.0
2045-11-06 10:00:00,3322.350701465225,2844.483135887297,0.0
2045-11-06 11:00:00,3238.50458586026,3153.3768852942567,0.0
2045-11-06 12:00:00,3144.9521465276257,3464.3019355222596,0.0
2045-11-06 13:00:00,3150.3216022067627,3194.628614914439,0.0
2045-11-06 14:00:00,3151.354189837365,3122.2997963937596,0.0
2045-11-06 15:00:00,3187.391498145411,3173.5992104323104,1820.0027757113885
2045-11-06 16:00:00,3221.053854903069,2950.2377348828027,5915.009021062008
2045-11-06 17:00:00,3314.606294235703,2892.155227031129,9782.514919448702
2045-11-06 18:00:00,3407.952216042216,2499.823982738416,12057.518389087938
2045-11-06 19:00:00,3624.692359705791,2217.21018770369,13650.020817835404
2045-11-06 20:00:00,3560.465409082283,2066.7760389524938,13422.520470871485
2045-11-06 21:00:00,3363.2411716371053,1772.7452451066424,12057.518389087943
2045-11-06 22:00:00,3305.932558138637,1555.1240080380285,10692.516307304397
2045-11-06 23:00:00,3251.1021549536167,1145.7806193690888,6370.009714989857
2045-11-07 00:00:00,2470.9441278285,557.1679373864098,1442.8754506072214
2045-11-07 01:00:00,2451.6366399253493,459.6668158076479,240.4792417678702
2045-11-07 02:00:00,2457.851496546535,400.6564184982497,0.0
2045-11-07 03:00:00,2446.084701343757,415.62140297649154,0.0
2045-11-07 04:00:00,2293.779281747232,422.8751727454207,0.0
2045-11-07 05:00:00,2534.6671243843907,555.4035069020756,0.0
2045-11-07 06:00:00,2612.8085883014332,781.7734031144287,0.0
2045-11-07 07:00:00,2623.9124654646184,963.797279820516,0.0
2045-11-07 08:00:00,2692.0272940328136,1365.3751231272513,0.0
2045-11-07 09:00:00,2702.551117911355,1727.593096777896,0.0
2045-11-07 10:00:00,2699.8994457529825,2028.6441469716224,0.0
2045-11-07 11:00:00,2687.2211382457635,2253.1646586392826,0.0
2045-11-07 12:00:00,2690.204269423933,2560.7963810468045,0.0
2045-11-07 13:00:00,2699.236527713389,2375.021455829576,0.0
2045-11-07 14:00:00,2586.8719200023515,2375.9624854212207,0.0
2045-11-07 15:00:00,2620.5150105117027,2226.306105711086,721.4377253036107
2045-11-07 16:00:00,2608.8310800638737,2130.3799017127853,2525.032038562637
2045-11-07 17:00:00,2664.019006860003,2012.1565243346763,5050.064077125277
2045-11-07 18:00:00,2776.1350203061943,1888.9469971063947,6973.898011268235
2045-11-07 19:00:00,2825.190955236087,1792.2366017817244,8056.054599223647
2045-11-07 20:00:00,2799.9172049765984,1572.04221226454,8056.054599223652
2045-11-07 21:00:00,2775.5549670215505,1413.5832849158926,7214.377253036107
2045-11-07 22:00:00,2654.8210190606487,1120.6747546609822,5050.064077125275
2045-11-07 23:00:00,2655.4839371002413,881.2350030091173,2645.2716594465733
2045-11-08 00:00:00,2686.488951790138,718.9608058558043,3175.128350849881
2045-11-08 01:00:00,2760.8640284570197,618.1164684007825,1234.7721364416204
2045-11-08 02:00:00,2728.934368294117,552.49920267213,0.0
2045-11-08 03:00:00,2733.4274641853044,588.2738454616039,0.0
2045-11-08 04:00:00,2694.3279701534852,640.4756201442034,0.0
2045-11-08 05:00:00,2877.2065327032874,816.5197169322009,0.0
2045-11-08 06:00:00,2959.420627733517,1255.2154003225096,0.0
2045-11-08 07:00:00,3109.5091500561457,1637.0275764406767,0.0
2045-11-08 08:00:00,3134.6513674898088,2128.1075582012886,0.0
2045-11-08 09:00:00,3129.106695964515,2701.9255275969404,0.0
2045-11-08 10:00:00,2816.9799282043978,3044.887536787865,0.0
2045-11-08 11:00:00,2941.735037523526,3242.8801070219565,0.0
2045-11-08 12:00:00,2890.5902225919285,3535.784994860772,0.0
2045-11-08 13:00:00,2846.137252604654,3286.9595776018423,0.0
2045-11-08 14:00:00,2827.782477900231,3104.1255996313535,0.0
2045-11-08 15:00:00,2845.8504592498966,3030.796708097317,881.9800974583004
2045-11-08 16:00:00,2855.410237741785,2916.6920247307894,2645.9402923749008
2045-11-08 17:00:00,2887.626691259445,2830.2031753134816,5291.8805847498015
2045-11-08 18:00:00,3099.758175994421,2674.063286669321,8114.2168966163645
2045-11-08 19:00:00,3175.471621650167,2351.9911135358207,10583.761169499605
2045-11-08 20:00:00,3044.024667386718,2055.0341998300323,11289.345247466244
2045-11-08 21:00:00,3038.479995861424,1696.1743774403155,11642.137286449562
2045-11-08 22:00:00,2879.6920751111784,1354.8733338074728,9701.781072041304
2045-11-08 23:00:00,2815.0679725060213,1092.7693182682665,5821.068643224781
2045-11-09 00:00:00,2884.18833777284,393.61099077827606,1395.8261991204151
2045-11-09 01:00:00,2891.141638736059,336.437317979177,1116.6609592963318
2045-11-09 02:00:00,2868.645665031527,304.01873631266875,0.0
2045-11-09 03:00:00,2791.95484558426,329.02591594966424,0.0
2045-11-09 04:00:00,2866.907339790723,357.3606638448085,0.0
2045-11-09 05:00:00,2991.555484999015,449.4738033544679,0.0
2045-11-09 06:00:00,3020.2889786852584,709.3266336953462,0.0
2045-11-09 07:00:00,3126.020055096557,912.4595505450548,0.0
2045-11-09 08:00:00,3221.116671211169,1133.899134584669,0.0
2045-11-09 09:00:00,3117.226174466604,1471.082634536886,0.0
2045-11-09 10:00:00,3114.9765770961512,1707.1736024525292,0.0
2045-11-09 11:00:00,3172.648073320496,1788.2351819290643,0.0
2045-11-09 12:00:00,3089.7197338915166,1938.6916848982623,0.0
2045-11-09 13:00:00,3190.031325728543,1829.3104828368475,0.0
2045-11-09 14:00:00,3053.828430390196,1726.176033914593,0.0
2045-11-09 15:00:00,3095.036964039861,1693.6868674668517,1535.408819032457
2045-11-09 16:00:00,2904.332459680989,1626.8027454780638,3908.313357537163
2045-11-09 17:00:00,3037.876739945164,1537.4474542065973,5722.887416393704
2045-11-09 18:00:00,3095.957253873228,1438.306087194121,6699.9657557779965
2045-11-09 19:00:00,3110.886400058964,1285.842959729857,9072.870294282704
2045-11-09 20:00:00,3157.003146153253,1169.3982377750085,8514.539814634534
2045-11-09 21:00:00,3129.0876878744484,973.4448015307596,7537.461475250237
2045-11-09 22:00:00,2985.113456165444,743.4089994909287,6002.052656217787
2045-11-09 23:00:00,2942.064342849045,593.6180101733602,4187.478597361245
2045-11-10 00:00:00,2848.345384169949,817.1607101423152,2459.605251843785
2045-11-10 01:00:00,2786.165750533348,676.5440572263352,1035.6232639342252
2045-11-10 02:00:00,2682.118496914769,608.9616571050485,0.0
2045-11-10 03:00:00,2724.918811401296,640.4383914081138,0.0
2045-11-10 04:00:00,2672.6879191465514,704.1119160277126,0.0
2045-11-10 05:00:00,2701.394183342115,847.4030627080051,0.0
2045-11-10 06:00:00,2776.838805487857,1235.8218494020357,0.0
2045-11-10 07:00:00,2804.0942115652338,1708.4666166429604,0.0
2045-11-10 08:00:00,2851.247100406323,2203.3508281855943,0.0
2045-11-10 09:00:00,2868.2428669336605,2777.8320887599634,0.0
2045-11-10 10:00:00,2897.57092746559,3386.5160099741033,0.0
2045-11-10 11:00:00,2936.8477293793767,3792.853904889027,0.0
2045-11-10 12:00:00,2734.349389169514,3953.220665603008,0.0
2045-11-10 13:00:00,2838.396642788093,3829.679626720716,0.0
2045-11-10 14:00:00,2817.773730965286,3655.8786780983046,0.0
2045-11-10 15:00:00,2767.8227586105504,3475.4326411230218,1294.5290799177817
2045-11-10 16:00:00,2834.147701156258,3289.2570155834214,3495.2285157780098
2045-11-10 17:00:00,2957.470641202183,3154.616827579233,5437.022135654683
2045-11-10 18:00:00,3121.003077666442,2935.42149056485,6084.286675613575
2045-11-10 19:00:00,3217.4851425259008,2724.661095422531,6861.004123564246
2045-11-10 20:00:00,3180.591893234851,2532.231269080232,6731.551215572468
2045-11-10 21:00:00,3048.4601717570745,2178.0665755983614,7378.815755531359
2045-11-10 22:00:00,2742.225476096817,1670.0156255237275,6602.098307580688
2045-11-10 23:00:00,2751.7596865877613,1163.3019223312492,4271.94596372868
2045-11-11 00:00:00,2740.3831587009186,385.2174797768583,3265.489556794789
2045-11-11 01:00:00,2692.945829905393,313.4149761778,1814.1608648859944
2045-11-11 02:00:00,2638.9419973625163,275.49271779373055,0.0
2045-11-11 03:00:00,2736.0809665905845,282.3050995393718,0.0
2045-11-11 04:00:00,2722.155450022924,304.1501370037279,0.0
2045-11-11 05:00:00,2836.956050019732,366.7786331853226,0.0
2045-11-11 06:00:00,2963.9839328564367,519.6484795575111,0.0
2045-11-11 07:00:00,3051.7260087908808,704.6182687151611,0.0
2045-11-11 08:00:00,3017.4216874900594,904.7387948751172,0.0
2045-11-11 09:00:00,3052.405302281985,1150.9201048112684,0.0
2045-11-11 10:00:00,3026.4789340381312,1430.795454861361,0.0
2045-11-11 11:00:00,3005.9869137231185,1600.042266950071,0.0
2045-11-11 12:00:00,2866.844963628368,1742.6935407037984,0.0
2045-11-11 13:00:00,2882.129067178239,1690.8921899099423,0.0
2045-11-11 14:00:00,2873.1850362120176,1646.3392132934496,0.0
2045-11-11 15:00:00,2872.505742720913,1559.8946305290922,1269.912605420196
2045-11-11 16:00:00,2910.8858249683667,1503.3291541011183,4172.569989237788
2045-11-11 17:00:00,3021.6106640185417,1384.9526673010262,7438.059546032577
2045-11-11 18:00:00,3215.435740147275,1305.4703386807157,8889.388237941368
2045-11-11 19:00:00,3293.3280604606907,1208.30306704872,9796.468670384367
2045-11-11 20:00:00,3250.759001684754,1130.4829595743445,9796.468670384367
2045-11-11 21:00:00,3038.819432459878,1030.1592844002023,10340.716929850165
2045-11-11 22:00:00,2906.9232796035853,788.8283902669474,9070.804324429972
2045-11-11 23:00:00,2886.0916125430213,594.9025899076945,6530.979113589578
2045-11-12 00:00:00,2413.4386408853643,299.9429960145412,2568.320145642371
2045-11-12 01:00:00,2525.9560530332737,241.26584466438968,1444.6800819238329
2045-11-12 02:00:00,2477.976553704245,205.84323255899892,0.0
2045-11-12 03:00:00,2423.413588770817,215.84809246662832,0.0
2045-11-12 04:00:00,2313.3899135942693,229.0977718037593,0.0
2045-11-12 05:00:00,2490.7444869976252,284.2935023076747,0.0
2045-11-12 06:00:00,2492.340478659297,413.5792764518737,0.0
2045-11-12 07:00:00,2630.094508957404,526.8234745414746,0.0
2045-11-12 08:00:00,2752.7863679484767,684.2749573377938,0.0
2045-11-12 09:00:00,2833.1844479052284,841.5709592031167,0.0
2045-11-12 10:00:00,2808.1473287127405,1007.2967315446648,0.0
2045-11-12 11:00:00,2821.414009400393,1171.1398326130543,0.0
2045-11-12 12:00:00,2842.361399959844,1287.7403908000458,0.0
2045-11-12 13:00:00,2765.6540507207105,1223.6349269459577,0.0
2045-11-12 14:00:00,2704.507620182884,1219.7107234484045,0.0
2045-11-12 15:00:00,2749.6941341039856,1192.417060017963,963.1200546158884
2045-11-12 16:00:00,2707.599854027374,1128.1763953543114,2889.3601638476657
2045-11-12 17:00:00,2904.505325286217,1070.4253695496627,5297.16030038739
2045-11-12 18:00:00,2952.684323572955,947.6224742239892,7062.880400516522
2045-11-12 19:00:00,2946.001108489701,861.2697171563813,9310.160527953596
2045-11-12 20:00:00,2940.3153881949934,815.6800041718856,9952.240564364189
2045-11-12 21:00:00,2868.1965149831676,759.1187454913884,10273.28058256948
2045-11-12 22:00:00,2777.1252407889806,640.1758332787256,8347.040473337709
2045-11-12 23:00:00,2707.1011066331016,464.0429786210994,5939.240336797984
2045-11-13 00:00:00,2550.6207643644707,879.2456129870029,3613.9724053732657
2045-11-13 01:00:00,2547.5987018474507,730.1917266109602,1389.9893866820255
2045-11-13 02:00:00,2553.642826881489,644.5719002605601,0.0
2045-11-13 03:00:00,2474.1625826838767,687.9741518570523,0.0
2045-11-13 04:00:00,2462.5780097019683,762.8241887294146,0.0
2045-11-13 05:00:00,2641.181904457821,914.8936161593084,0.0
2045-11-13 06:00:00,2799.840186601346,1416.3350142567456,0.0
2045-11-13 07:00:00,2989.7264480874046,1880.2329262337428,0.0
2045-11-13 08:00:00,3015.0110378131353,2310.1090732496205,0.0
2045-11-13 09:00:00,2989.9279189218737,2945.4404941380235,0.0
2045-11-13 10:00:00,2908.2314955451125,3472.664768245884,0.0
2045-11-13 11:00:00,2889.3939725223577,3865.385141562531,0.0
2045-11-13 12:00:00,2818.9799158758033,4092.229217338442,0.0
2045-11-13 13:00:00,2859.475553603864,3946.384728226853,0.0
2045-11-13 14:00:00,2898.1579538217143,3734.586048351762,0.0
2045-11-13 15:00:00,3026.0919337088735,3721.3284375042977,1389.9893866820255
2045-11-13 16:00:00,3028.4088483052556,3496.315225939657,6393.95117873732
2045-11-13 17:00:00,3092.174367414367,3356.4048908304667,12509.904480138224
2045-11-13 18:00:00,3181.325211666442,3048.130436811114,15567.881130838688
2045-11-13 19:00:00,3230.383359859393,2695.19366582634,16679.872640184312
2045-11-13 20:00:00,3151.0038510790137,2584.9217913607104,17791.864149529934
2045-11-13 21:00:00,3079.5824402601197,2211.2962547886245,15845.879008175096
2045-11-13 22:00:00,2895.1358913046947,1802.3242691496184,11953.90872546542
2045-11-13 23:00:00,2870.858655751305,1297.4365384192083,7783.940565419343
2045-11-14 00:00:00,2616.8436475424587,813.8051745926429,2730.267598327352
2045-11-14 01:00:00,2591.49649860924,685.4908091588592,1149.5863571904636
2045-11-14 02:00:00,2575.629582544745,617.3694427944189,0.0
2045-11-14 03:00:00,2553.3759832844785,691.6457258747881,0.0
2045-11-14 04:00:00,2634.007858631094,771.7639638041754,0.0
2045-11-14 05:00:00,2751.3631623533965,975.606459785976,0.0
2045-11-14 06:00:00,2794.4732739248548,1555.7334404179055,0.0
2045-11-14 07:00:00,2942.464698601874,2058.903097976255,0.0
2045-11-14 08:00:00,2989.865862945491,2514.377367017268,0.0
2045-11-14 09:00:00,2967.512471760289,3024.00447109623,0.0
2045-11-14 10:00:00,2933.583217282753,3515.438058645396,0.0
2045-11-14 11:00:00,2936.1778073310356,3824.665247278585,0.0
2045-11-14 12:00:00,2910.2319068482143,3933.1378303501688,0.0
2045-11-14 13:00:00,3005.233819385316,3684.249689657547,0.0
2045-11-14 14:00:00,2954.5395215188787,3525.713639942328,0.0
2045-11-14 15:00:00,2975.5956176799377,3504.985132290545,1005.8880625416556
2045-11-14 16:00:00,2880.793288992704,3381.5738361050426,3017.6641876249673
2045-11-14 17:00:00,2952.7432668700676,3313.525494176215,4885.742018059472
2045-11-14 18:00:00,3028.2857540450536,2867.147983400101,5604.233491303511
2045-11-14 19:00:00,3189.2501289634833,2494.1913266014667,7184.914732440405
2045-11-14 20:00:00,3151.528781338457,2276.797581782392,8621.897678928484
2045-11-14 21:00:00,3138.356247247179,1962.2709055361652,9484.08744682133
2045-11-14 22:00:00,3012.219254130691,1601.0085904977936,8047.104500333251
2045-11-14 23:00:00,2938.971981229185,1131.3571488856833,5604.233491303514
2045-11-15 00:00:00,2839.7429151238953,885.4712241781276,3664.4315589307703
2045-11-15 01:00:00,2797.419872868251,741.5062651050923,1350.0537322376524
2045-11-15 02:00:00,2639.6051390336434,656.8401257707246,0.0
2045-11-15 03:00:00,2714.7208532549203,682.7494821099224,0.0
2045-11-15 04:00:00,2703.448372266734,768.6081022799858,0.0
2045-11-15 05:00:00,2819.9648348446226,906.9358792206432,0.0
2045-11-15 06:00:00,2783.8928956824266,1389.4569882824503,0.0
2045-11-15 07:00:00,2912.296701847857,1909.2810660317816,0.0
2045-11-15 08:00:00,3030.5552751239197,2304.93536658062,0.0
2045-11-15 09:00:00,3055.969595897285,2983.695458258399,0.0
2045-11-15 10:00:00,3087.3275884644213,3540.855026899864,0.0
2045-11-15 11:00:00,3029.837935424672,3835.549563604788,0.0
2045-11-15 12:00:00,2938.530839420364,4123.652933508779,0.0
2045-11-15 13:00:00,2965.482316692118,4007.386052028484,0.0
2045-11-15 14:00:00,2990.076820666343,3734.546436821392,0.0
2045-11-15 15:00:00,2952.9801105052197,3696.0835095027833,2314.3778266931185
2045-11-15 16:00:00,2935.763957723263,3558.547106207632,5400.21492895061
2045-11-15 17:00:00,3052.485374500937,3327.932153319027,8100.322393425914
2045-11-15 18:00:00,3203.43414264274,3161.982183929718,9257.51130677247
2045-11-15 19:00:00,3186.6278982603526,2734.3693969842466,10800.429857901216
2045-11-15 20:00:00,3178.0198218693745,2587.6183690496327,9643.240944554656
2045-11-15 21:00:00,3075.8501532764503,2224.930743240335,10993.294676792306
2045-11-15 22:00:00,2829.290250934849,1741.6724642073696,9643.240944554656
2045-11-15 23:00:00,2813.611254651282,1363.981261338051,5785.944566732794
2045-11-16 00:00:00,2556.9032488585954,1165.271705951403,2927.1519931331763
2045-11-16 01:00:00,2626.9188280652747,951.114398618589,2114.0542172628493
2045-11-16 02:00:00,2656.9988349678515,824.6349717195523,0.0
2045-11-16 03:00:00,2688.413449685217,847.6436080445652,0.0
2045-11-16 04:00:00,2744.877626464798,931.9178440515656,0.0
2045-11-16 05:00:00,2829.9845401925645,1057.035813179892,0.0
2045-11-16 06:00:00,2952.357810594856,1603.5249623432203,0.0
2045-11-16 07:00:00,3039.4153049750093,2112.682939433657,0.0
2045-11-16 08:00:00,2982.7458039162298,2545.4903647426313,0.0
2045-11-16 09:00:00,3028.738442456688,3470.192482609431,0.0
2045-11-16 10:00:00,2988.597545873386,4203.963762711744,0.0
2045-11-16 11:00:00,2989.0081944317835,4754.210535322231,0.0
2045-11-16 12:00:00,2826.802013864989,5181.599358703782,0.0
2045-11-16 13:00:00,2853.699494439989,5143.737218100309,0.0
2045-11-16 14:00:00,2898.665511584455,4842.650832107612,0.0
2045-11-16 15:00:00,2868.1748561234813,4855.189858175857,650.4782206962615
2045-11-16 16:00:00,2860.167209234741,4474.580723795936,2439.29332761098
2045-11-16 17:00:00,2894.456363860886,4157.0479279330475,5854.303986266353
2045-11-16 18:00:00,3025.453253989513,3902.9999079184063,9431.934200095788
2045-11-16 19:00:00,3158.092738351727,3501.7102300013867,10570.271086314247
2045-11-16 20:00:00,3092.594293287413,3546.080138748852,8781.455979399529
2045-11-16 21:00:00,3030.997009527872,3061.6190056191112,8618.836424225461
2045-11-16 22:00:00,2886.1407305533485,2472.1350200567335,8130.977758703269
2045-11-16 23:00:00,2818.897029115848,1812.6448759244056,5366.4453207441575
2045-11-17 00:00:00,2469.219599410467,835.4153842846235,1710.8503499699916
2045-11-17 01:00:00,2529.138806184424,730.1993409238393,1052.830984596918
2045-11-17 02:00:00,2512.005046077492,684.371908704476,0.0
2045-11-17 03:00:00,2486.647081119232,772.7533851275344,0.0
2045-11-17 04:00:00,2397.453621362574,827.4657276751425,0.0
2045-11-17 05:00:00,2575.938448076502,1085.5957540536,0.0
2045-11-17 06:00:00,2563.895862401344,1721.100655952734,0.0
2045-11-17 07:00:00,2737.779050686554,2188.879494063294,0.0
2045-11-17 08:00:00,2759.2207276203717,2856.8727720179418,0.0
2045-11-17 09:00:00,2776.9419309309706,3623.278122529375,0.0
2045-11-17 10:00:00,2791.628011022627,4162.241459309252,0.0
2045-11-17 11:00:00,2772.9277357059173,4367.950514751069,0.0
2045-11-17 12:00:00,2847.5330225715315,4547.811495540586,0.0
2045-11-17 13:00:00,2865.8416690857957,4205.496943802019,0.0
2045-11-17 14:00:00,2750.017450762934,3988.050454189732,0.0
2045-11-17 15:00:00,2768.4240044778103,3818.465573635117,1447.6426038207624
2045-11-17 16:00:00,2877.688440359733,3604.315853381466,4211.3239383876735
2045-11-17 17:00:00,2914.599454990095,3572.0963627700976,7106.609146029199
2045-11-17 18:00:00,2962.280261687672,3256.1559659006343,7764.628511402274
2045-11-17 19:00:00,2983.428217019657,3058.361495053844,7896.232384476887
2045-11-17 20:00:00,3019.2622524432977,2665.192522357562,6448.589780656125
2045-11-17 21:00:00,2923.802731847533,2086.6211905880973,6316.985907581508
2045-11-17 22:00:00,2862.317009863799,1553.2226134348598,4869.343303760747
2045-11-17 23:00:00,2747.080234744603,1115.2900596243092,3684.908446089214
2045-11-18 00:00:00,2653.289233244644,410.1909899708835,2962.563875570768
2045-11-18 01:00:00,2654.7400807728795,337.19294697076157,1219.879242882081
2045-11-18 02:00:00,2688.6277337538195,294.36098266737883,0.0
2045-11-18 03:00:00,2647.693107064305,288.75318598657475,0.0
2045-11-18 04:00:00,2662.616110211875,312.6346649548266,0.0
2045-11-18 05:00:00,2828.427256295984,368.2775440893567,0.0
2045-11-18 06:00:00,2972.0611615913426,493.00267716241245,0.0
2045-11-18 07:00:00,3119.8403455388043,694.8301802890409,0.0
2045-11-18 08:00:00,3216.010810267587,951.2950265936412,0.0
2045-11-18 09:00:00,3183.677636781186,1241.0585828442574,0.0
2045-11-18 10:00:00,3121.912984864856,1502.6719666187346,0.0
2045-11-18 11:00:00,3090.4088671088757,1710.1314379635833,0.0
2045-11-18 12:00:00,2985.0151573791636,1884.7272870359277,0.0
2045-11-18 13:00:00,3003.2543834484154,1833.9428869222677,0.0
2045-11-18 14:00:00,2957.552686308983,1753.432330092861,0.0
2045-11-18 15:00:00,3031.027750417504,1647.343452368512,1219.879242882081
2045-11-18 16:00:00,3099.943008008711,1564.729971783804,3136.8323388396366
2045-11-18 17:00:00,3225.441319201121,1469.479611437354,5750.859287872667
2045-11-18 18:00:00,3405.035516803471,1458.6894371342898,7145.006994023617
2045-11-18 19:00:00,3492.397264396536,1343.6377533356203,9584.76547978778
2045-11-18 20:00:00,3283.2679563979536,1232.7677455101375,10630.37625940099
2045-11-18 21:00:00,3239.12073875306,1081.047839449487,12198.792428820803
2045-11-18 22:00:00,3151.655359193692,840.9761298212716,9061.960089981172
2045-11-18 23:00:00,2985.740581143282,644.7515890679638,6622.201604217012
2045-11-19 00:00:00,2382.837463148873,162.84731354969844,1266.9045157254548
2045-11-19 01:00:00,2356.644328006657,139.27785411601985,633.4522578627274
2045-11-19 02:00:00,2373.2456108432725,124.03557814745584,0.0
2045-11-19 03:00:00,2399.7154340327647,132.57042204810952,0.0
2045-11-19 04:00:00,2490.838030935966,148.99636249924592,0.0
2045-11-19 05:00:00,2554.93742855512,187.97422624991972,0.0
2045-11-19 06:00:00,2712.0040100593205,285.42926864838125,0.0
2045-11-19 07:00:00,2900.428570254906,391.4274613649181,0.0
2045-11-19 08:00:00,2882.904993927368,510.55810002494206,0.0
2045-11-19 09:00:00,2783.6662143040435,615.7817193169179,0.0
2045-11-19 10:00:00,2813.1796060135825,689.5800848987744,0.0
2045-11-19 11:00:00,2789.2922045986747,761.5095065607794,0.0
2045-11-19 12:00:00,2770.108499987475,797.5157494788897,0.0
2045-11-19 13:00:00,2822.402540922813,740.3634444098415,0.0
2045-11-19 14:00:00,2766.4193260237826,697.876119298558,0.0
2045-11-19 15:00:00,2776.656783773029,683.7842821428804,886.8331610078184
2045-11-19 16:00:00,2778.593600103967,659.3135764189625,2533.8090314509095
2045-11-19 17:00:00,2903.103221378583,663.2342054419394,4687.546708184183
2045-11-19 18:00:00,2959.7320417212604,608.1917303979673,6967.974836490006
2045-11-19 19:00:00,2943.4996762810138,520.4821922393518,9121.712513223278
2045-11-19 20:00:00,2938.9804381754907,449.5266980200246,8614.950706933098
2045-11-19 21:00:00,2932.063236993567,373.7970903876552,7348.046191207643
2045-11-19 22:00:00,2739.8572734851973,315.1662430175686,5447.689417619458
2045-11-19 23:00:00,2684.611893378905,234.2617373315669,3040.570837741092
2045-11-20 00:00:00,2855.838695706005,635.7299941653268,2713.3675785382015
2045-11-20 01:00:00,2880.2131462570387,537.5606601843012,1582.7977541472846
2045-11-20 02:00:00,2719.6103047025617,469.8603514768798,0.0
2045-11-20 03:00:00,2759.9933986239757,501.3398291192513,0.0
2045-11-20 04:00:00,2806.5733867532813,520.9270596522825,0.0
2045-11-20 05:00:00,2734.8959770820225,683.4544368132679,0.0
2045-11-20 06:00:00,2887.752700876637,1022.4223429821128,0.0
2045-11-20 07:00:00,3030.591112368497,1244.9317272952414,0.0
2045-11-20 08:00:00,3121.478894084213,1750.7641831002438,0.0
2045-11-20 09:00:00,3113.732776324352,2225.7389781051916,0.0
2045-11-20 10:00:00,3160.312764453657,2456.907161947606,0.0
2045-11-20 11:00:00,3174.35905799154,2746.7437648627665,0.0
2045-11-20 12:00:00,3089.9780151941072,3047.9907068344687,0.0
2045-11-20 13:00:00,3156.594627928923,2792.0664399572524,0.0
2045-11-20 14:00:00,3097.517569813707,2719.010733695364,0.0
2045-11-20 15:00:00,2997.954136206944,2647.859341513074,1808.911719025468
2045-11-20 16:00:00,3099.9963274968627,2447.5565911812428,6105.077051710952
2045-11-20 17:00:00,3195.0153720178387,2446.258548522904,11079.584279030987
2045-11-20 18:00:00,3325.459995093919,2247.6036128232154,13114.60996293464
2045-11-20 19:00:00,3448.9847529711883,2067.579864261495,14019.065822447374
2045-11-20 20:00:00,3363.6741760425725,1816.0782696752688,12888.495998056462
2045-11-20 21:00:00,3274.645462589223,1501.1280390409734,11757.926173665544
2045-11-20 22:00:00,3101.545551048834,1283.6631438611532,8818.444630249154
2045-11-20 23:00:00,3003.014933143388,961.0956569084568,6331.191016589138
2045-11-21 00:00:00,2544.263194530493,501.8451391265888,2815.698612157605
2045-11-21 01:00:00,2456.0086661559544,413.08131864280153,2440.2721305365917
2045-11-21 02:00:00,2466.807329249613,366.5742510055639,0.0
2045-11-21 03:00:00,2494.196665641711,388.5034113749104,0.0
2045-11-21 04:00:00,2537.587657345322,422.0131395797544,0.0
2045-11-21 05:00:00,2733.7306469919604,525.0062747975836,0.0
2045-11-21 06:00:00,2811.382851601815,760.4983537077285,0.0
2045-11-21 07:00:00,2962.3677955840626,1029.13672810873,0.0
2045-11-21 08:00:00,2887.758850573329,1358.2466101911568,0.0
2045-11-21 09:00:00,2933.4077445601592,1652.7133467912236,0.0
2045-11-21 10:00:00,3008.507537893332,1982.0696239339825,0.0
2045-11-21 11:00:00,2897.5758170221093,2250.8435156181663,0.0
2045-11-21 12:00:00,2885.795457283573,2365.084585340047,0.0
2045-11-21 13:00:00,2862.9219254579143,2247.018232306546,0.0
2045-11-21 14:00:00,2816.389504490694,2190.1009733703772,0.0
2045-11-21 15:00:00,2821.199818050597,2083.4858307657014,1313.9926856735492
2045-11-21 16:00:00,2926.634037710501,1985.5068350255815,4317.404538641662
2045-11-21 17:00:00,3003.20637601099,1928.515657571315,7883.956114041296
2045-11-21 18:00:00,3126.8019836011395,1746.1956326803263,9761.088522146369
2045-11-21 19:00:00,3200.920080289433,1609.255418025568,11075.081207819923
2045-11-21 20:00:00,3124.740420646895,1461.2459052854967,9948.801762956877
2045-11-21 21:00:00,2965.214715854209,1292.5392074777264,9761.088522146369
2045-11-21 22:00:00,2914.559168978501,1033.2576854927456,8634.809077283324
2045-11-21 23:00:00,2765.8321272794733,720.8903477597236,6945.389909988762
2045-11-22 00:00:00,2603.153926937981,712.7509914253435,2378.257771490588
2045-11-22 01:00:00,2603.9367126625157,601.7378158483899,1513.4367636758284
2045-11-22 02:00:00,2569.004899705184,537.842772670658,0.0
2045-11-22 03:00:00,2629.083704063172,581.8375440206886,0.0
2045-11-22 04:00:00,2519.493702628405,590.5829549584231,0.0
2045-11-22 05:00:00,2651.9801865057925,788.9610010255991,0.0
2045-11-22 06:00:00,2766.6582951500313,1179.2026544002117,0.0
2045-11-22 07:00:00,2807.167456394668,1408.7250720721763,0.0
2045-11-22 08:00:00,2948.7538243197637,1966.405649349552,0.0
2045-11-22 09:00:00,2948.949520750897,2534.652110861906,0.0
2045-11-22 10:00:00,2869.790314357392,2912.7215800333865,0.0
2045-11-22 11:00:00,2980.6523425945265,3155.094397450593,0.0
2045-11-22 12:00:00,2869.9860107885247,3509.060443211034,0.0
2045-11-22 13:00:00,2976.738413971856,3225.6109660526095,0.0
2045-11-22 14:00:00,2807.558849256935,3181.34847804122,0.0
2045-11-22 15:00:00,2930.5540562243477,3015.346300221083,1729.6420156295185
2045-11-22 16:00:00,2974.5857532293876,2824.8658956640043,4972.720794934865
2045-11-22 17:00:00,3002.668191097047,2731.5755630690305,8648.21007814759
2045-11-22 18:00:00,3113.236674687481,2523.265228865426,11675.08360549924
2045-11-22 19:00:00,3199.5388008173604,2430.7958940319527,14701.957132850896
2045-11-22 20:00:00,3114.2151568431486,2131.5243621872023,13620.930873082449
2045-11-22 21:00:00,3003.353128606014,1793.487457777637,11891.288857452932
2045-11-22 22:00:00,2951.3957261400665,1405.7801887972255,9296.825834008656
2045-11-22 23:00:00,2835.2498942623274,1069.9742565656527,5837.541802749623
2045-11-23 00:00:00,2709.728988271154,615.4938188285976,1833.17943030716
2045-11-23 01:00:00,2735.1080097720896,529.4056702213874,611.0598101023865
2045-11-23 02:00:00,2687.0162452936625,482.19081543493047,0.0
2045-11-23 03:00:00,2554.887331798517,529.8106003653537,0.0
2045-11-23 04:00:00,2635.9619491225185,605.7754953734094,0.0
2045-11-23 05:00:00,2711.210254117512,747.1771016464003,0.0
2045-11-23 06:00:00,2822.7989478764916,1203.9383040402545,0.0
2045-11-23 07:00:00,2959.1741567978643,1644.502300675461,0.0
2045-11-23 08:00:00,3000.4520983830453,1963.7168317668832,0.0
2045-11-23 09:00:00,2947.9165363655434,2429.224525270405,0.0
2045-11-23 10:00:00,2883.2345944079048,2807.469772749216,0.0
2045-11-23 11:00:00,2867.039421154388,2959.9583663640014,0.0
2045-11-23 12:00:00,2836.426593662987,3059.2391390616294,0.0
2045-11-23 13:00:00,2807.1962809615197,2897.526236767295,0.0
2045-11-23 14:00:00,2810.158812654236,2681.1396664346457,0.0
2045-11-23 15:00:00,2844.91918451544,2678.191774986571,1222.119620204773
2045-11-23 16:00:00,2810.2575637106597,2618.1568318421455,3513.5939080887233
2045-11-23 17:00:00,2874.7420035554505,2529.9873422949486,5957.833148498268
2045-11-23 18:00:00,3061.776504422272,2302.7567427068852,7332.717721228637
2045-11-23 19:00:00,3157.26877598416,1943.0653944246053,9471.427056586988
2045-11-23 20:00:00,2998.773330423839,1762.9038747711725,10082.486866689374
2045-11-23 21:00:00,2949.3978022119013,1465.2154301329938,9624.192009112585
2045-11-23 22:00:00,2867.2369232672363,1148.0579441729212,6874.422863651845
2045-11-23 23:00:00,2770.954643253957,878.9413704929965,4430.183623242302
2045-11-24 00:00:00,2849.5998037027525,1121.3340387500266,5228.458724802531
2045-11-24 01:00:00,2739.028455097023,923.716464238446,2352.8064261611394
2045-11-24 02:00:00,2807.472332113045,801.5962204719065,0.0
2045-11-24 03:00:00,2753.2478031902733,846.0999101742461,0.0
2045-11-24 04:00:00,2813.5208607795776,939.2132847597964,0.0
2045-11-24 05:00:00,2905.416050695664,1135.241441782007,0.0
2045-11-24 06:00:00,2991.050482869199,1730.8756459231452,0.0
2045-11-24 07:00:00,3212.829867308715,2308.416980976961,0.0
2045-11-24 08:00:00,3250.50052830203,2848.3553472614485,0.0
2045-11-24 09:00:00,3187.7868363385114,3543.526821674337,0.0
2045-11-24 10:00:00,3239.676845425077,4151.333314754894,0.0
2045-11-24 11:00:00,3203.385673425884,4672.145690583972,0.0
2045-11-24 12:00:00,3228.959277086134,5013.8704507983675,0.0
2045-11-24 13:00:00,3237.2362110508625,4800.226249935647,0.0
2045-11-24 14:00:00,3220.894572197425,4595.535767596371,0.0
2045-11-24 15:00:00,3221.3190303494616,4590.595328233584,1568.5376174407595
2045-11-24 16:00:00,3271.0867486758416,4374.063685598509,4705.612852322278
2045-11-24 17:00:00,3224.7146955657613,4186.432950978468,8104.111023443924
2045-11-24 18:00:00,3386.64548056801,3776.9327799882167,11241.186258325435
2045-11-24 19:00:00,3365.4225729661425,3265.2860450145017,14378.261493206965
2045-11-24 20:00:00,3284.775524079046,3097.2713712424247,15685.376174407593
2045-11-24 21:00:00,3289.8690219034943,2749.0035090301258,16469.64498312797
2045-11-24 22:00:00,3104.911382153219,2305.0527139577976,15162.530301927343
2045-11-24 23:00:00,2981.181830834331,1705.5774175506838,9411.225704644552
2045-11-25 00:00:00,2690.49073330264,706.3618575989957,3580.844758509833
2045-11-25 01:00:00,2730.872766616798,569.0692059207915,1432.3379034039335
2045-11-25 02:00:00,2655.14386623713,479.1029523588573,0.0
2045-11-25 03:00:00,2630.370848293781,489.8589519307367,0.0
2045-11-25 04:00:00,2682.736577279722,526.8903218853501,0.0
2045-11-25 05:00:00,2749.502881736796,615.8578040584671,0.0
2045-11-25 06:00:00,2856.651219508029,938.3841340781086,0.0
2045-11-25 07:00:00,2990.687345047041,1173.4334561510216,0.0
2045-11-25 08:00:00,3109.114455215245,1381.6081450079105,0.0
2045-11-25 09:00:00,3048.491053581522,1864.245211511813,0.0
2045-11-25 10:00:00,3127.5431636852973,2245.276496345641,0.0
2045-11-25 11:00:00,3086.9597237211933,2520.453379678502,0.0
2045-11-25 12:00:00,3015.6617696403364,2901.346373089264,0.0
2045-11-25 13:00:00,3052.3177799304945,2838.8540155766436,0.0
2045-11-25 14:00:00,3020.6969358889837,2747.1744849400466,0.0
2045-11-25 15:00:00,2997.132357845311,2792.196026005201,1253.2956654784416
2045-11-25 16:00:00,3014.6547363906066,2636.8870750440983,4117.971472286308
2045-11-25 17:00:00,3149.496488529403,2373.1730141121266,6982.647279094175
2045-11-25 18:00:00,3341.6384325778163,2191.9036898986105,8414.98518249811
2045-11-25 19:00:00,3351.60806175014,1911.817461046871,9310.196372125563
2045-11-25 20:00:00,3257.651859550365,1939.8291570747792,10026.36532382753
2045-11-25 21:00:00,3132.9811432338374,1790.704905867508,10563.492037604006
2045-11-25 22:00:00,3084.945657221734,1487.708397927664,9668.280847976544
2045-11-25 23:00:00,2871.051794979162,1180.778267287248,6087.436089466713
2045-11-26 00:00:00,2543.131842424703,146.69169294479843,4198.955300502503
2045-11-26 01:00:00,2556.661728217065,119.32987632742766,2209.9764739486864
2045-11-26 02:00:00,2573.111733245188,105.4027820080462,0.0
2045-11-26 03:00:00,2566.395459002937,107.93498097520644,0.0
2045-11-26 04:00:00,2544.007878195432,113.38624264062084,0.0
2045-11-26 05:00:00,2688.1644311341915,132.94044577591404,0.0
2045-11-26 06:00:00,2835.9224644637243,188.5433147631419,0.0
2045-11-26 07:00:00,2959.638182752154,243.7505276617508,0.0
2045-11-26 08:00:00,2917.5884657571883,322.8940546860439,0.0
2045-11-26 09:00:00,3022.810095552461,442.64068876014977,0.0
2045-11-26 10:00:00,2999.741153589945,551.3423633115242,0.0
2045-11-26 11:00:00,2914.863021137144,626.8194772479502,0.0
2045-11-26 12:00:00,2937.0559273289314,683.23651854198,0.0
2045-11-26 13:00:00,2894.1301745632372,673.1727861190232,0.0
2045-11-26 14:00:00,2964.991734684383,648.6667272257275,0.0
2045-11-26 15:00:00,2923.6233788444288,617.4995782715966,1988.9788265538173
2045-11-26 16:00:00,2984.9458827954204,564.5449673708574,6408.931774451189
2045-11-26 17:00:00,3002.661272825707,525.2958833798734,9502.89883797935
2045-11-26 18:00:00,3167.3559977226564,501.9908605244741,9723.89648537422
2045-11-26 19:00:00,3195.583817001685,488.5297611539104,10607.887074953693
2045-11-26 20:00:00,3177.2844031242457,475.9056942197135,11712.875311928035
2045-11-26 21:00:00,3068.6559675539174,409.57263210914414,11933.872959322904
2045-11-26 22:00:00,2952.3378846627497,312.93758902489026,11712.875311928035
2045-11-26 23:00:00,2800.978370942445,221.6025790566232,8176.912953610138
2045-11-27 00:00:00,2792.478627135437,982.4347844836552,3642.782923432771
2045-11-27 01:00:00,2699.650330331755,850.7626518993596,1699.9653642686262
2045-11-27 02:00:00,2668.3489025370463,791.8029482706111,0.0
2045-11-27 03:00:00,2642.427407644553,911.6286738902388,0.0
2045-11-27 04:00:00,2709.334209555743,952.8868498706332,0.0
2045-11-27 05:00:00,2713.638155877515,1292.7561807190327,0.0
2045-11-27 06:00:00,2871.31909839336,2032.407705225645,0.0
2045-11-27 07:00:00,2940.2800565035773,2499.809734500572,0.0
2045-11-27 08:00:00,2964.245212158901,3388.7532198814583,0.0
2045-11-27 09:00:00,2896.9471424002772,4192.2936426389,0.0
2045-11-27 10:00:00,2870.5365626984917,4765.809521885846,0.0
2045-11-27 11:00:00,2877.5793839523017,5122.672319276667,0.0
2045-11-27 12:00:00,2835.909358200596,5314.679428022392,0.0
2045-11-27 13:00:00,2898.2187629044374,4824.129247207306,0.0
2045-11-27 14:00:00,2840.3111214842265,4696.024653272142,0.0
2045-11-27 15:00:00,2874.7426920584057,4473.788781926922,1457.113169373108
2045-11-27 16:00:00,2955.9307704009307,4163.0044226607415,5099.8960928058805
2045-11-27 17:00:00,2908.2939099758587,4234.464128121174,9956.939990716242
2045-11-27 18:00:00,3072.626405898079,3706.4684080499583,12871.166329462452
2045-11-27 19:00:00,3066.757388186571,3573.1214386189304,14571.131693731071
2045-11-27 20:00:00,3106.666708624825,3069.635526060821,14571.131693731071
2045-11-27 21:00:00,3029.3913087566384,2428.295562801221,14328.279498835562
2045-11-27 22:00:00,2919.249409704007,1896.10594233332,11171.200965193828
2045-11-27 23:00:00,2835.029005543869,1266.3400548437965,7528.4180417610605
2045-11-28 00:00:00,2707.537371183187,407.09565938264586,3039.7471091405364
2045-11-28 01:00:00,2678.374390006957,335.5394255163036,1919.8402794571812
2045-11-28 02:00:00,2631.9831130203484,288.9991744789033,0.0
2045-11-28 03:00:00,2702.724998051796,297.6567134694166,0.0
2045-11-28 04:00:00,2659.991124645044,316.7893963213798,0.0
2045-11-28 05:00:00,2827.4617096174493,394.27676187183056,0.0
2045-11-28 06:00:00,2978.5702259431264,559.3918148842724,0.0
2045-11-28 07:00:00,3006.578237567821,726.8410552046537,0.0
2045-11-28 08:00:00,3021.1116044246223,1016.275498218439,0.0
2045-11-28 09:00:00,2932.6601862696557,1272.8639079461163,0.0
2045-11-28 10:00:00,3019.571645022577,1456.7576891777603,0.0
2045-11-28 11:00:00,2940.841220593021,1700.8333243202535,0.0
2045-11-28 12:00:00,2909.849537626863,1859.7637376007976,0.0
2045-11-28 13:00:00,2824.3817908133587,1751.2144614401848,0.0
2045-11-28 14:00:00,2810.329661269697,1705.6547603989468,0.0
2045-11-28 15:00:00,2843.0537985631568,1649.7107957398075,1439.8802095928863
2045-11-28 16:00:00,2860.1858469109084,1529.1557610895877,3839.6805589143623
2045-11-28 17:00:00,2878.087874959683,1512.5390260326574,5599.5341484167775
2045-11-28 18:00:00,3022.747811289295,1397.8864240422688,7039.414358009667
2045-11-28 19:00:00,3167.2152526936516,1276.4417196394338,8959.254637466845
2045-11-28 20:00:00,3049.408358437201,1158.8379013191293,8639.281257557317
2045-11-28 21:00:00,2991.948623248393,1002.0168663230132,8639.281257557317
2045-11-28 22:00:00,2975.105317288525,858.0051624962869,8959.254637466845
2045-11-28 23:00:00,2805.228545750423,617.1246853900705,5759.520838371546
2045-11-29 00:00:00,2779.4542265472296,579.0238455994988,3823.870932750767
2045-11-29 01:00:00,2725.22046556333,474.3120897911704,1529.548373100307
2045-11-29 02:00:00,2803.708480499722,426.8522905715599,0.0
2045-11-29 03:00:00,2743.8535619474333,467.6648588763757,0.0
2045-11-29 04:00:00,2761.4457032262812,511.3364512305658,0.0
2045-11-29 05:00:00,2817.86546993122,619.4075602969089,0.0
2045-11-29 06:00:00,3044.27320532466,975.5704812476932,0.0
2045-11-29 07:00:00,3132.754389271521,1274.1240676035882,0.0
2045-11-29 08:00:00,3204.476196023741,1481.717803828646,0.0
2045-11-29 09:00:00,3274.844761139128,1891.1086050186527,0.0
2045-11-29 10:00:00,3237.994950413023,2366.7215507522883,0.0
2045-11-29 11:00:00,3238.5154279656517,2550.285189842356,0.0
2045-11-29 12:00:00,3227.3772083394,2686.546276035527,0.0
2045-11-29 13:00:00,3104.3363148979997,2617.1005818762287,0.0
2045-11-29 14:00:00,3042.607677156248,2524.282366113296,0.0
2045-11-29 15:00:00,3024.9114403668755,2475.343021948134,2549.247288500511
2045-11-29 16:00:00,3219.257758518393,2379.572863854224,6373.118221251277
2045-11-29 17:00:00,3105.4813655137827,2176.189040541872,9942.064425151992
2045-11-29 18:00:00,3222.4847193446917,1932.1641903676643,12491.311713652509
2045-11-29 19:00:00,3221.651955260485,1770.250510891484,15805.333188703176
2045-11-29 20:00:00,3171.061537144985,1736.971470956768,15040.559002153024
2045-11-29 21:00:00,3127.549613745235,1559.4689628513745,14785.634273302974
2045-11-29 22:00:00,3038.547952245746,1170.2700190100722,12236.386984802455
2045-11-29 23:00:00,2897.186248951818,848.5583378542467,7137.89240780143
2045-11-30 00:00:00,2491.580830997648,494.7578335290996,4919.314159687171
2045-11-30 01:00:00,2486.962254137586,418.27607887907897,2108.2774970087867
2045-11-30 02:00:00,2494.597044457281,360.25543742044255,0.0
2045-11-30 03:00:00,2474.4261169459883,378.1304835263861,0.0
2045-11-30 04:00:00,2521.3659389115187,411.9465543563185,0.0
2045-11-30 05:00:00,2516.653105380843,528.8083311932085,0.0
2045-11-30 06:00:00,2575.280754502449,800.860672254815,0.0
2045-11-30 07:00:00,2714.874883681065,1035.680171378369,0.0
2045-11-30 08:00:00,2828.265658429123,1365.4601203558925,0.0
2045-11-30 09:00:00,2794.804540361325,1677.593589390793,0.0
2045-11-30 10:00:00,2722.132647318305,1835.5093655628095,0.0
2045-11-30 11:00:00,2736.1768912397188,2026.871990300931,0.0
2045-11-30 12:00:00,2729.484667626159,2257.049838107793,0.0
2045-11-30 13:00:00,2699.039763017994,2070.381610724053,0.0
2045-11-30 14:00:00,2648.9894709222176,1989.5102136040807,0.0
2045-11-30 15:00:00,2722.2269039889193,1982.2605637571785,1405.5183313391915
2045-11-30 16:00:00,2685.466802449648,1911.8387427706143,4216.554994017573
2045-11-30 17:00:00,2717.9853538113102,1879.194806111563,6793.3386014727585
2045-11-30 18:00:00,2826.003498334398,1732.3908618795042,8667.36304325835
2045-11-30 19:00:00,2899.2409314010993,1464.159678214971,11712.652761159923
2045-11-30 20:00:00,2812.147767754212,1272.6329546929278,14289.436368615115
2045-11-30 21:00:00,2714.309343657384,1101.0090693924524,15694.954699954304
2045-11-30 22:00:00,2763.228555705797,967.7725781883474,14289.436368615106
2045-11-30 23:00:00,2583.198314833985,781.6962785609021,9370.122208927944
2045-12-01 00:00:00,2549.446885235643,1080.6558299085732,4906.675842343167
2045-12-01 01:00:00,2588.7648165839937,897.5432309711467,2065.968775723438
2045-12-01 02:00:00,2582.847066712686,792.0746139275933,0.0
2045-12-01 03:00:00,2540.7207116965965,824.1391934810356,0.0
2045-12-01 04:00:00,2579.336537128012,877.5359933158996,0.0
2045-12-01 05:00:00,2694.5822083506005,1123.452768734035,0.0
2045-12-01 06:00:00,2852.054535434555,1560.2995405840304,0.0
2045-12-01 07:00:00,2866.5981579996337,2096.096014956797,0.0
2045-12-01 08:00:00,2938.6141649080914,2986.8950843607113,0.0
2045-12-01 09:00:00,2968.6041176457375,3621.071518726993,0.0
2045-12-01 10:00:00,2923.468737271355,4215.630972570634,0.0
2045-12-01 11:00:00,2865.7957512374223,4838.5715542669495,0.0
2045-12-01 12:00:00,2837.811815405306,5174.64014757005,0.0
2045-12-01 13:00:00,2838.112717941135,4825.9312200132335,0.0
2045-12-01 14:00:00,2863.388530950789,4734.109924019288,0.0
2045-12-01 15:00:00,2908.7245130157235,4421.692270593415,1807.722678758008
2045-12-01 16:00:00,2879.436666195013,4193.901257501359,5681.414133239455
2045-12-01 17:00:00,2917.952190781153,4167.136608452618,8780.367296824614
2045-12-01 18:00:00,2936.608148002564,3862.9073476565095,10846.336072548056
2045-12-01 19:00:00,3090.3693438112914,3601.210029160627,13687.043139167785
2045-12-01 20:00:00,2973.7194607548327,3118.293611398516,15753.011914891222
2045-12-01 21:00:00,2917.851889935876,2710.7024559344713,15753.011914891222
2045-12-01 22:00:00,2815.64532859922,2209.673525672544,14720.027527029504
2045-12-01 23:00:00,2748.7446647998586,1572.0918859569915,9038.61339379004
2045-12-02 00:00:00,2805.615477887811,557.665717991965,2174.0143922668967
2045-12-02 01:00:00,2706.860825919949,484.89995672018586,1242.2939384382269
2045-12-02 02:00:00,2630.3887384321233,449.2862701780783,0.0
2045-12-02 03:00:00,2619.822827575392,497.2070622206982,0.0
2045-12-02 04:00:00,2632.585610986493,557.3580403544524,0.0
2045-12-02 05:00:00,2724.331193376127,724.426997523907,0.0
2045-12-02 06:00:00,2942.658480088975,1105.5626709928977,0.0
2045-12-02 07:00:00,3069.2401844121887,1529.9808961190038,0.0
2045-12-02 08:00:00,3147.0722406241466,2014.873160898252,0.0
2045-12-02 09:00:00,3153.3490193509188,2380.8403268378615,0.0
2045-12-02 10:00:00,3093.615008467816,2711.2630337038045,0.0
2045-12-02 11:00:00,3040.367002269042,2935.652334741897,0.0
2045-12-02 12:00:00,3063.1726316429767,2964.758639250607,0.0
2045-12-02 13:00:00,3024.3612165157765,2724.562399585296,0.0
2045-12-02 14:00:00,2968.2886598899568,2578.6308961129716,0.0
2045-12-02 15:00:00,2967.765594996059,2448.9909235469504,1087.0071961334484
2045-12-02 16:00:00,3053.7574635528204,2388.1707465516047,3416.308330705123
2045-12-02 17:00:00,3025.3027333247924,2436.622282518933,6677.329919105469
2045-12-02 18:00:00,3051.351365040892,2202.8026618910744,8385.48408445803
2045-12-02 19:00:00,3032.102576945461,1954.4991164773,9472.49128059148
2045-12-02 20:00:00,2984.1898326644427,1621.8457467393905,8851.344311372366
2045-12-02 21:00:00,2888.050505166069,1316.9064402004458,9006.631053677143
2045-12-02 22:00:00,2826.956525558832,1037.1813160556767,6677.329919105469
2045-12-02 23:00:00,2765.339481057698,726.5807409864965,4969.175753752907
2045-12-03 00:00:00,2658.484402578267,205.60076693463895,3399.982145095254
2045-12-03 01:00:00,2462.0745338075917,177.64165594037394,1968.410715581463
2045-12-03 02:00:00,2525.314539452221,161.75763925957412,0.0
2045-12-03 03:00:00,2506.290273291357,172.02282010771,0.0
2045-12-03 04:00:00,2518.1020429406844,189.3925866481085,0.0
2045-12-03 05:00:00,2643.1186491406456,236.0991595071272,0.0
2045-12-03 06:00:00,2756.218956756329,362.5499793758758,0.0
2045-12-03 07:00:00,2941.5487584223247,485.4458050351121,0.0
2045-12-03 08:00:00,2901.618705271501,624.1392037469532,0.0
2045-12-03 09:00:00,2876.949876623348,804.4092862571266,0.0
2045-12-03 10:00:00,2826.5669299775445,925.7086061581394,0.0
2045-12-03 11:00:00,2828.97109548139,980.3139655434604,0.0
2045-12-03 12:00:00,2806.3928455322334,1047.5265878283208,0.0
2045-12-03 13:00:00,2854.789742413991,989.4931983123988,0.0
2045-12-03 14:00:00,2818.62273092136,921.3837233850168,0.0
2045-12-03 15:00:00,2881.6536786960896,890.4179949476002,1610.5178582030146
2045-12-03 16:00:00,2937.367601024332,853.330977088637,4473.660717230597
2045-12-03 17:00:00,2895.0333823696637,824.3075289222235,6799.964290190508
2045-12-03 18:00:00,3113.2897985448467,791.5156788391913,8052.589291015076
2045-12-03 19:00:00,3186.6691108796063,707.4843681436741,9663.10714921809
2045-12-03 20:00:00,3146.8435866637324,626.7271098660358,9484.160720528867
2045-12-03 21:00:00,3050.781495444866,506.00318036519457,9842.053577907316
2045-12-03 22:00:00,3085.17151504335,384.7281727346114,9663.10714921809
2045-12-03 23:00:00,2860.9569495760293,302.8768622876326,6442.071432812062
2045-12-04 00:00:00,2693.396828874137,762.5277659811892,4947.8016785725
2045-12-04 01:00:00,2583.588306779735,629.2100029746737,2473.90083928625
2045-12-04 02:00:00,2613.945286195728,567.7745708487384,0.0
2045-12-04 03:00:00,2612.27041836588,611.6707142398122,0.0
2045-12-04 04:00:00,2600.022947360117,656.621131817135,0.0
2045-12-04 05:00:00,2777.244899605897,844.1860938615267,0.0
2045-12-04 06:00:00,2885.797270827913,1215.865666068045,0.0
2045-12-04 07:00:00,2979.0664731025677,1640.9681865850089,0.0
2045-12-04 08:00:00,2911.7577221905553,2188.2898382205276,0.0
2045-12-04 09:00:00,2915.5261748077132,2604.0572400337987,0.0
2045-12-04 10:00:00,2903.906779238144,3166.87672220717,0.0
2045-12-04 11:00:00,2837.33078300169,3534.492546641241,0.0
2045-12-04 12:00:00,2852.5092727096862,3687.649832970797,0.0
2045-12-04 13:00:00,2874.805950694537,3462.9169137057515,0.0
2045-12-04 14:00:00,2896.78859096129,3425.461427161578,0.0
2045-12-04 15:00:00,2854.7075367363623,3180.4097690342883,1924.1450972226392
2045-12-04 16:00:00,2890.193798881264,3090.020134029656,5222.679549604309
2045-12-04 17:00:00,2942.428739324645,2985.426550443018,8521.214001985973
2045-12-04 18:00:00,3017.0650369922414,2679.5624403907605,11269.992712304029
2045-12-04 19:00:00,3027.2189232106953,2525.820511103377,15393.160777781104
2045-12-04 20:00:00,3052.4466198977784,2219.2471620530964,16767.55013294013
2045-12-04 21:00:00,3046.7939409720416,1996.986994970344,17592.18374603555
2045-12-04 22:00:00,2915.9448917651757,1531.6687064033906,15393.160777781104
2045-12-04 23:00:00,2834.609122778188,1069.8966128265477,10170.481228176805
2045-12-05 00:00:00,2611.368479063048,508.0880903486585,2990.319981817435
2045-12-05 01:00:00,2657.272244696901,425.2280766265657,1708.7542753242487
2045-12-05 02:00:00,2587.284440591475,379.6518549594101,0.0
2045-12-05 03:00:00,2550.8496131601205,395.6581725829951,0.0
2045-12-05 04:00:00,2548.688225092159,450.3624950636008,0.0
2045-12-05 05:00:00,2736.3172940395,531.5511663832308,0.0
2045-12-05 06:00:00,2934.444533602655,781.9311147521607,0.0
2045-12-05 07:00:00,2964.80688979545,1122.595694054124,0.0
2045-12-05 08:00:00,2935.062073050644,1443.159166846467,0.0
2045-12-05 09:00:00,3043.749015896717,1790.9269513588958,0.0
2045-12-05 10:00:00,2958.63149531556,2109.18268598784,0.0
2045-12-05 11:00:00,2989.4055444736805,2398.093504973545,0.0
2045-12-05 12:00:00,2961.3074995901784,2461.906643547572,0.0
2045-12-05 13:00:00,2900.9944801699153,2382.3764581503847,0.0
2045-12-05 14:00:00,2845.518853092231,2224.2031844773196,0.0
2045-12-05 15:00:00,2836.8733008203844,2159.297245101682,1922.34855973978
2045-12-05 16:00:00,2873.205205010407,2034.570104197899,5126.262825972746
2045-12-05 17:00:00,2911.59557402706,2013.8454584073609,8543.77137662125
2045-12-05 18:00:00,2981.686301373817,1878.2867330876188,11534.091358438684
2045-12-05 19:00:00,3051.365335755249,1660.6522393269386,14097.222771425057
2045-12-05 20:00:00,3060.4225809924224,1533.7909227400107,12388.468496100808
2045-12-05 21:00:00,2966.0419686914283,1282.1767522892624,11320.497074023153
2045-12-05 22:00:00,2875.6753628023635,1039.0607151310355,9825.337083114437
2045-12-05 23:00:00,2796.012774011775,714.8202890532742,5767.045679219342
2045-12-06 00:00:00,2616.6859951640413,828.4825989558415,2334.536377807902
2045-12-06 01:00:00,2541.100553417106,712.4950351020236,1167.2681889039509
2045-12-06 02:00:00,2489.273539813158,653.2393260376324,0.0
2045-12-06 03:00:00,2535.003257698995,699.9854965217631,0.0
2045-12-06 04:00:00,2614.0578504579576,804.5608497409576,0.0
2045-12-06 05:00:00,2809.2764392257704,1009.9806411641804,0.0
2045-12-06 06:00:00,2976.636694109108,1528.687561066731,0.0
2045-12-06 07:00:00,3004.2847764170965,2205.4535982588163,0.0
2045-12-06 08:00:00,3132.117734920953,2765.6834076242676,0.0
2045-12-06 09:00:00,3118.346256661079,3279.5950044043852,0.0
2045-12-06 10:00:00,3078.608708705112,3832.110598312009,0.0
2045-12-06 11:00:00,3009.751317405748,4075.9368678325222,0.0
2045-12-06 12:00:00,3046.965846443877,4180.687793523019,0.0
2045-12-06 13:00:00,3039.6070412668464,3921.114867982617,0.0
2045-12-06 14:00:00,2977.582826203298,3674.402625965076,0.0
2045-12-06 15:00:00,2915.8739885044793,3502.3196575303036,1361.812887054609
2045-12-06 16:00:00,3128.54345812068,3536.8854878178636,4863.617453766461
2045-12-06 17:00:00,3044.022324373065,3439.7390447906323,8949.056114930288
2045-12-06 18:00:00,3117.9257535081065,3206.4471235482315,10894.503096436876
2045-12-06 19:00:00,3197.6111009965302,2733.77311096515,12061.771285340825
2045-12-06 20:00:00,3127.91270339122,2310.40204297953,11867.22658719017
2045-12-06 21:00:00,3052.432387432529,1985.197933010585,10699.958398286211
2045-12-06 22:00:00,2881.077352595946,1504.6560790572844,7976.332624176999
2045-12-06 23:00:00,2767.226123928449,1172.055978734747,5447.251548218436
2045-12-07 00:00:00,2599.456212665821,432.5098298349647,2078.3553317257024
2045-12-07 01:00:00,2496.5562511459843,351.8409235507508,978.0495678709186
2045-12-07 02:00:00,2555.1981647002995,303.65041326273234,0.0
2045-12-07 03:00:00,2544.435412126866,308.3690673951009,0.0
2045-12-07 04:00:00,2615.8518077075933,328.4986451299919,0.0
2045-12-07 05:00:00,2662.926276907284,403.1437376282036,0.0
2045-12-07 06:00:00,2758.885771814346,551.93193814246,0.0
2045-12-07 07:00:00,2875.264320669136,739.5988368005397,0.0
2045-12-07 08:00:00,2878.885433684497,1028.7418985286497,0.0
2045-12-07 09:00:00,2875.867839505029,1279.1970162161597,0.0
2045-12-07 10:00:00,2849.0112513077697,1523.2618714456864,0.0
2045-12-07 11:00:00,2871.9449670717217,1784.6351516203256,0.0
2045-12-07 12:00:00,2950.0000698472772,1946.1938373609064,0.0
2045-12-07 13:00:00,2898.4997958510353,1855.826590881228,0.0
2045-12-07 14:00:00,2877.8795689580083,1822.243829024265,0.0
2045-12-07 15:00:00,2942.456084398609,1729.7431484953784,1833.8429397579728
2045-12-07 16:00:00,2921.6346845602843,1626.6756946168798,4401.2230554191365
2045-12-07 17:00:00,2898.9021417416307,1571.9443265262275,6112.809799193242
2045-12-07 18:00:00,3057.225249691017,1464.5447465666284,6112.8097991932445
2045-12-07 19:00:00,3187.9876641346027,1356.3972097286012,6724.090779112567
2045-12-07 20:00:00,3108.5243507419623,1239.520162745691,5501.528819273918
2045-12-07 21:00:00,2992.648734250416,1110.128642622362,5990.55360320938
2045-12-07 22:00:00,2885.222381461379,915.4189016794816,5501.528819273918
2045-12-07 23:00:00,2833.5209345198377,659.2060219815178,3545.429683532081
2045-12-08 00:00:00,2783.0992158582153,720.5529276933696,3991.051833221942
2045-12-08 01:00:00,2732.07733469582,598.1026622231643,2195.078508272069
2045-12-08 02:00:00,2795.8279451209514,522.4716159033323,0.0
2045-12-08 03:00:00,2835.083774023675,546.6529708491287,0.0
2045-12-08 04:00:00,2866.317294567531,594.5869333126054,0.0
2045-12-08 05:00:00,2911.5631137115424,721.7534204920968,0.0
2045-12-08 06:00:00,3141.856845666757,1098.9654077494029,0.0
2045-12-08 07:00:00,3267.4327125108916,1427.5917364524937,0.0
2045-12-08 08:00:00,3279.7335853278223,1779.4990505023345,0.0
2045-12-08 09:00:00,3304.870151518939,2311.4288346699245,0.0
2045-12-08 10:00:00,3225.930637267686,2714.5628914311837,0.0
2045-12-08 11:00:00,3238.017581861712,2980.7207198576316,0.0
2045-12-08 12:00:00,3245.932926109128,3280.3379975743287,0.0
2045-12-08 13:00:00,3196.5155066185057,3145.059609054864,0.0
2045-12-08 14:00:00,3106.879581222096,3000.108678557079,0.0
2045-12-08 15:00:00,3119.287418150477,2969.650461263653,1596.420733288778
2045-12-08 16:00:00,2986.2240635047333,2820.0433336965184,4589.709608205233
2045-12-08 17:00:00,3270.427707631536,2647.8326417190588,7582.998483121691
2045-12-08 18:00:00,3457.4009744488676,2468.993514502912,9378.971808071565
2045-12-08 19:00:00,3534.3081705825416,2186.98918113326,10775.83994969924
2045-12-08 20:00:00,3503.609470595942,2067.19714971738,10376.734766377043
2045-12-08 21:00:00,3328.5092201497346,1800.4819496343782,11174.945133021434
2045-12-08 22:00:00,3182.8241003527064,1452.3390380034034,10775.83994969924
2045-12-08 23:00:00,3207.960666543823,1126.7482410913808,7183.893299799495
2045-12-09 00:00:00,2547.063982799284,352.62290531043436,3941.6111797206386
2045-12-09 01:00:00,2619.305022367857,287.9881211483266,1854.8758492803
2045-12-09 02:00:00,2628.855212153755,254.84207798827128,0.0
2045-12-09 03:00:00,2556.4250599161546,271.3726046411707,0.0
2045-12-09 04:00:00,2622.8981630793837,297.4219949708038,0.0
2045-12-09 05:00:00,2670.7436683433857,350.7531285167904,0.0
2045-12-09 06:00:00,2844.349098510794,540.2380085817733,0.0
2045-12-09 07:00:00,2900.704673881043,711.2545933168075,0.0
2045-12-09 08:00:00,2893.234723454449,846.5669402786646,0.0
2045-12-09 09:00:00,2954.980009891987,1103.682496868299,0.0
2045-12-09 10:00:00,2923.8709758369337,1363.0205381467424,0.0
2045-12-09 11:00:00,2872.3377735268914,1509.0926006574782,0.0
2045-12-09 12:00:00,2810.025149082271,1607.2516328310828,0.0
2045-12-09 13:00:00,2844.254542176281,1577.7771513749117,0.0
2045-12-09 14:00:00,2808.134022391994,1508.4594262432672,0.0
2045-12-09 15:00:00,2836.2172537426045,1489.081739472773,927.43792464015
2045-12-09 16:00:00,2859.288999363981,1403.267483629932,4869.049104360789
2045-12-09 17:00:00,2866.3807244525187,1298.7129649235217,9042.519765241464
2045-12-09 18:00:00,3054.2641611315166,1179.4721994015788,12056.693020321954
2045-12-09 19:00:00,3133.4078131196006,1073.9020519368023,13215.990426122144
2045-12-09 20:00:00,3016.725296329524,1065.2458352807723,14607.147313082369
2045-12-09 21:00:00,2989.5876283240514,940.4297353196,12752.27146380207
2045-12-09 22:00:00,2858.5325486878705,732.3150792015808,12056.693020321954
2045-12-09 23:00:00,2816.738648832754,527.3195507347774,7187.643915961165
2045-12-10 00:00:00,2762.5645796717304,394.7177741532088,1081.3496697201065
2045-12-10 01:00:00,2663.78821833654,333.42226003337953,926.8711454743768
2045-12-10 02:00:00,2713.0772259505857,295.1247448519918,0.0
2045-12-10 03:00:00,2716.449109771265,314.46840073877416,0.0
2045-12-10 04:00:00,2750.6638132458033,345.4572298168435,0.0
2045-12-10 05:00:00,2813.936221410313,424.19614143659214,0.0
2045-12-10 06:00:00,3017.141808133006,664.992986253918,0.0
2045-12-10 07:00:00,3101.538076703536,864.1644274841453,0.0
2045-12-10 08:00:00,3195.6533045219044,1067.9452134168648,0.0
2045-12-10 09:00:00,3162.9261968506053,1382.2918027205842,0.0
2045-12-10 10:00:00,3127.3230706263757,1592.7673451239432,0.0
2045-12-10 11:00:00,3110.5628245765297,1714.549545434834,0.0
2045-12-10 12:00:00,3101.2405575428875,1863.98294150328,0.0
2045-12-10 13:00:00,2987.389892068191,1772.3515075972775,0.0
2045-12-10 14:00:00,2958.133841271121,1668.4853331543209,0.0
2045-12-10 15:00:00,2981.836201069425,1664.8748422192812,1699.2637667030244
2045-12-10 16:00:00,2990.265910621123,1583.675339611416,4634.355727371887
2045-12-10 17:00:00,3030.530170362174,1507.0023499302051,7414.969163795015
2045-12-10 18:00:00,3154.893179513106,1401.523392087115,9114.232930498038
2045-12-10 19:00:00,3203.9838410200523,1224.5801015257805,11122.453745692515
2045-12-10 20:00:00,3206.760686519435,1140.4668693913916,9423.189978989496
2045-12-10 21:00:00,3123.951186805697,960.8875793754592,7414.969163795013
2045-12-10 22:00:00,3019.6211344717412,773.4051634531395,5406.748348600532
2045-12-10 23:00:00,2982.62958549782,604.7206881885538,3398.527533406049
2045-12-11 00:00:00,2802.816136204902,655.4619515012137,4406.153041768661
2045-12-11 01:00:00,2815.7640380900702,536.0761719662516,1223.9314004912949
2045-12-11 02:00:00,2808.5819987631407,468.8056873837275,0.0
2045-12-11 03:00:00,2749.0014189946733,499.4253562281869,0.0
2045-12-11 04:00:00,2846.616460550821,536.1534943623235,0.0
2045-12-11 05:00:00,2908.7259274062353,672.550201033096,0.0
2045-12-11 06:00:00,3102.337522782884,1004.7272145578344,0.0
2045-12-11 07:00:00,3213.6085546085437,1301.390051566766,0.0
2045-12-11 08:00:00,3167.380498659156,1645.3741949716805,0.0
2045-12-11 09:00:00,3136.629231681882,2028.3442904760277,0.0
2045-12-11 10:00:00,3172.235961866093,2436.5446838186267,0.0
2045-12-11 11:00:00,3099.100547311592,2709.6241900256373,0.0
2045-12-11 12:00:00,3109.5195621098133,2943.9187823629995,0.0
2045-12-11 13:00:00,3116.2969795028303,2789.15800662516,0.0
2045-12-11 14:00:00,3024.9535779223106,2745.8342681060913,0.0
2045-12-11 15:00:00,3107.698763407211,2664.12769217695,1468.717680589554
2045-12-11 16:00:00,3158.579971596581,2570.9000792331003,3427.0079213756253
2045-12-11 17:00:00,3187.611595354731,2415.752691514901,5630.084442259955
2045-12-11 18:00:00,3312.9432393838147,2164.7873905844426,10525.810044225138
2045-12-11 19:00:00,3344.503750228911,1958.4603089062743,15911.108206386833
2045-12-11 20:00:00,3298.478005246479,1815.1432477870696,17135.039606878134
2045-12-11 21:00:00,3192.2647475947133,1663.6532094030686,16400.68076658337
2045-12-11 22:00:00,3091.5138860507514,1335.89903693364,14687.176805895546
2045-12-11 23:00:00,3098.5947698942023,999.8559036053076,6854.015842751251
2045-12-12 00:00:00,2573.269368856452,530.0430648604513,1839.7717105695376
2045-12-12 01:00:00,2483.806376658551,448.4623509704333,1051.29812032545
2045-12-12 02:00:00,2489.551706432728,397.9789083929119,0.0
2045-12-12 03:00:00,2509.158784233492,416.5049423663139,0.0
2045-12-12 04:00:00,2507.3348700194665,453.6893391272144,0.0
2045-12-12 05:00:00,2620.873529842492,564.4485565253414,0.0
2045-12-12 06:00:00,2793.1422273571043,837.773722040074,0.0
2045-12-12 07:00:00,2834.545080015461,1115.2076972324796,0.0
2045-12-12 08:00:00,2840.928779764546,1482.605416687867,0.0
2045-12-12 09:00:00,2735.141755351126,1881.8679145775072,0.0
2045-12-12 10:00:00,2789.312007507653,2156.185546197958,0.0
2045-12-12 11:00:00,2838.3752998649115,2380.687995752072,0.0
2045-12-12 12:00:00,2810.469412390337,2567.3774866783274,0.0
2045-12-12 13:00:00,2788.5824418220427,2420.9755032035164,0.0
2045-12-12 14:00:00,2787.7616804257323,2296.22913015547,0.0
2045-12-12 15:00:00,2737.6040395400587,2221.436884428564,1051.29812032545
2045-12-12 16:00:00,2780.4660235696338,2102.2218558097184,2759.6575658543065
2045-12-12 17:00:00,2894.643053367568,2055.1657295172763,5256.490601627248
2045-12-12 18:00:00,3010.461605958122,1942.686237535905,7096.262312196782
2045-12-12 19:00:00,3040.282603357423,1742.9425090991042,8541.797227644272
2045-12-12 20:00:00,3070.377187888827,1556.5044429196284,7490.499107318826
2045-12-12 21:00:00,2886.9826136686647,1297.3252276317294,7621.911372359506
2045-12-12 22:00:00,2785.9377662117076,1048.0442076381903,5782.139661789973
2045-12-12 23:00:00,2783.3842863120726,792.3187743981902,3942.367951220438
2045-12-13 00:00:00,2471.634099436526,1150.8873414563975,2759.7143217251187
2045-12-13 01:00:00,2394.973521944099,964.0010664167116,1756.1818410978033
2045-12-13 02:00:00,2346.432981610465,861.4539599257229,0.0
2045-12-13 03:00:00,2303.834472938363,942.005877382423,0.0
2045-12-13 04:00:00,2371.79122940545,1019.6445247683558,0.0
2045-12-13 05:00:00,2427.3617790287813,1268.2921253082968,0.0
2045-12-13 06:00:00,2569.719467145178,1968.9335773276955,0.0
2045-12-13 07:00:00,2559.090762623848,2524.0134902612353,0.0
2045-12-13 08:00:00,2613.071191098319,3238.492975116776,0.0
2045-12-13 09:00:00,2553.1487309623167,4108.64304620374,0.0
2045-12-13 10:00:00,2625.875850875984,4775.009875840566,0.0
2045-12-13 11:00:00,2567.7108930624067,5322.879445348958,0.0
2045-12-13 12:00:00,2627.9681155455382,5591.716007479314,0.0
2045-12-13 13:00:00,2556.328973260037,5300.228770548748,0.0
2045-12-13 14:00:00,2580.9340057739823,5068.871427878807,0.0
2045-12-13 15:00:00,2560.4298120123613,4993.825590855857,1505.298720940974
2045-12-13 16:00:00,2486.8657862308733,4614.998517203703,5519.428643450237
2045-12-13 17:00:00,2547.876223995043,4545.822919373347,10537.091046586826
2045-12-13 18:00:00,2695.75749083906,4058.9863578475206,15052.987209409752
2045-12-13 19:00:00,2594.826643179816,3723.9894324100537,17561.818410978045
2045-12-13 20:00:00,2633.073241339247,3486.1937628837186,16056.519690037074
2045-12-13 21:00:00,2588.215086824028,2894.770805817365,12795.039127998289
2045-12-13 22:00:00,2459.247892592771,2365.720960966124,10537.091046586826
2045-12-13 23:00:00,2509.629625835611,1623.1284199276845,6021.194883763897
2045-12-14 00:00:00,2652.9692134328147,844.2622336513631,2239.267041689671
2045-12-14 01:00:00,2676.537499222291,727.2696550821702,597.1378777839122
2045-12-14 02:00:00,2671.600269392875,671.5100343021168,0.0
2045-12-14 03:00:00,2744.4476981967114,754.5223122732394,0.0
2045-12-14 04:00:00,2647.007275525595,824.9915262652091,0.0
2045-12-14 05:00:00,2735.318480776282,1049.2843157833386,0.0
2045-12-14 06:00:00,2889.956245244784,1690.006829409353,0.0
2045-12-14 07:00:00,2937.0928168237374,2179.5626165157,0.0
2045-12-14 08:00:00,2986.651425677498,2709.50706963492,0.0
2045-12-14 09:00:00,2905.792642810836,3434.7242233386837,0.0
2045-12-14 10:00:00,2815.8977978035437,3984.543731472143,0.0
2045-12-14 11:00:00,2831.920505929196,4205.552518784822,0.0
2045-12-14 12:00:00,2828.007984177583,4370.904310386365,0.0
2045-12-14 13:00:00,2897.036046509607,4103.280936212982,0.0
2045-12-14 14:00:00,2825.0270152239727,3867.9844587495018,0.0
2045-12-14 15:00:00,2828.007984177583,3794.55052054428,1194.2757555678245
2045-12-14 16:00:00,2730.194940387265,3599.0269586801546,3732.111736149451
2045-12-14 17:00:00,2827.262741939181,3508.3520088963137,6419.232186177057
2045-12-14 18:00:00,2912.034046557455,3157.5111066139657,7314.939002852928
2045-12-14 19:00:00,2943.334220570357,2868.3934818944854,8359.930288974774
2045-12-14 20:00:00,2881.4791147829565,2603.552387367384,9106.352636204669
2045-12-14 21:00:00,2856.420344516675,2101.5105502090623,9255.637105650649
2045-12-14 22:00:00,2828.753226415985,1605.62621718596,6867.085594514992
2045-12-14 23:00:00,2743.98192179771,1160.5755016347343,4478.5340833793425
2045-12-15 00:00:00,2604.670189602952,895.0768145437622,2411.3827526764817
2045-12-15 01:00:00,2704.4282590571124,761.4832601342455,1033.4497511470636
2045-12-15 02:00:00,2504.0761586729186,673.4228421859725,0.0
2045-12-15 03:00:00,2607.363843247431,709.8270857625656,0.0
2045-12-15 04:00:00,2613.215573578541,790.0945463702838,0.0
2045-12-15 05:00:00,2655.013647372184,981.3559850999084,0.0
2045-12-15 06:00:00,2887.8753607069893,1498.8083525127702,0.0
2045-12-15 07:00:00,2966.269970222177,2017.5298586925203,0.0
2045-12-15 08:00:00,2953.8234326925126,2578.344467307471,0.0
2045-12-15 09:00:00,2917.2268969709694,3223.4232103662216,0.0
2045-12-15 10:00:00,3016.984966425129,3648.8964155681338,0.0
2045-12-15 11:00:00,2871.156131189532,3971.780903779732,0.0
2045-12-15 12:00:00,2964.876701095721,4275.583779303177,0.0
2045-12-15 13:00:00,2964.41227805357,4016.479080525919,0.0
2045-12-15 14:00:00,2873.013823358138,3775.8770890343785,0.0
2045-12-15 15:00:00,2937.4757416087773,3725.122671154964,1033.4497511470636
2045-12-15 16:00:00,2829.9153650464705,3587.465646132157,2066.8995022941276
2045-12-15 17:00:00,2871.527669623253,3495.7425382338233,3272.5908786323685
2045-12-15 18:00:00,3069.557654796689,3273.420598103987,6717.423382455918
2045-12-15 19:00:00,3083.5832306696666,2810.285143354795,11884.67213819124
2045-12-15 20:00:00,3026.273427268161,2501.8064934270196,12918.121889338305
2045-12-15 21:00:00,3043.921502869922,2102.8516087754,12056.913763382414
2045-12-15 22:00:00,2849.1424789915473,1730.1478575652493,9990.014261088292
2045-12-15 23:00:00,2781.150945620554,1355.863249294586,5339.490380926496
2045-12-16 00:00:00,2601.286631320034,414.7306872208405,3040.839416084214
2045-12-16 01:00:00,2589.150401051189,352.98752809096624,1440.3976181451535
2045-12-16 02:00:00,2531.899053913377,320.74088253667384,0.0
2045-12-16 03:00:00,2530.5798984493717,326.24114649409495,0.0
2045-12-16 04:00:00,2541.3969732542128,352.6639831522944,0.0
2045-12-16 05:00:00,2615.621454028887,435.167942513611,0.0
2045-12-16 06:00:00,2773.832166011873,600.6611786442518,0.0
2045-12-16 07:00:00,2830.819682056884,842.1443360376161,0.0
2045-12-16 08:00:00,2894.930637607521,1193.8484692051843,0.0
2045-12-16 09:00:00,2751.0547483333885,1534.1584281158596,0.0
2045-12-16 10:00:00,2790.1017500679327,1805.6935178961928,0.0
2045-12-16 11:00:00,2790.6294122535346,1999.18956846888,0.0
2045-12-16 12:00:00,2684.8331440403435,2129.9987871739,0.0
2045-12-16 13:00:00,2733.4660088133232,2028.6914744601047,0.0
2045-12-16 14:00:00,2732.234797046918,1916.08705097102,0.0
2045-12-16 15:00:00,2765.389571042241,1763.0988267200455,960.2650787634356
2045-12-16 16:00:00,2739.8858987381477,1666.2132948347664,3520.971955465932
2045-12-16 17:00:00,2806.6351652167937,1632.068518973599,6721.855551344052
2045-12-16 18:00:00,2877.605729180257,1622.1572590189526,8322.297349283112
2045-12-16 19:00:00,3030.4518756096227,1528.58806275506,8642.385708870923
2045-12-16 20:00:00,3003.3652167487226,1327.990200778525,8642.385708870923
2045-12-16 21:00:00,2805.316009752789,1082.9696187223487,9122.518248252642
2045-12-16 22:00:00,2808.0422643783995,810.8575404680507,8002.208989695299
2045-12-16 23:00:00,2619.666864118502,600.7151028006973,5441.5021129928045
2045-12-17 00:00:00,2397.577053596579,175.08743764189646,1959.5050371253612
2045-12-17 01:00:00,2454.520034311713,146.46595398828683,1306.3366914169076
2045-12-17 02:00:00,2447.707063206948,128.51151774801514,0.0
2045-12-17 03:00:00,2417.5954131389744,129.5254153239364,0.0
2045-12-17 04:00:00,2464.865657100429,141.7555548334862,0.0
2045-12-17 05:00:00,2497.5847405541767,176.35480961179792,0.0
2045-12-17 06:00:00,2689.020817522632,244.37043866318,0.0
2045-12-17 07:00:00,2636.199263772109,342.85580215761155,0.0
2045-12-17 08:00:00,2693.983352031041,470.5350789787248,0.0
2045-12-17 09:00:00,2646.544886560826,578.8763718257571,0.0
2045-12-17 10:00:00,2615.6762397034345,672.8393296742565,0.0
2045-12-17 11:00:00,2566.7237806543835,753.4864326923238,0.0
2045-12-17 12:00:00,2603.9848448446405,821.6351358005453,0.0
2045-12-17 13:00:00,2604.06895559902,774.188953820665,0.0
2045-12-17 14:00:00,2528.958051937848,743.6368401995721,0.0
2045-12-17 15:00:00,2644.021563929432,699.9505283970666,1959.5050371253612
2045-12-17 16:00:00,2576.480628162442,681.8756918196544,5878.5151113760885
2045-12-17 17:00:00,2676.48831512004,658.9109117250388,8817.772667064133
2045-12-17 18:00:00,2819.560708320102,637.3867111028776,9470.941012772586
2045-12-17 19:00:00,2795.420921813096,567.5376172683713,9960.817272053926
2045-12-17 20:00:00,2781.6267580948065,489.9068595386695,8491.188494209908
2045-12-17 21:00:00,2719.468910608125,430.1249237184145,6858.267629938769
2045-12-17 22:00:00,2676.0677613481407,344.42945568690584,6368.391370657428
2045-12-17 23:00:00,2609.788486896848,270.4360555108215,4082.3021606778375
2045-12-18 00:00:00,2776.139899858816,641.6369435383979,4712.989795225829
2045-12-18 01:00:00,2709.6280244195605,527.2271357040589,2061.9330354113
2045-12-18 02:00:00,2712.094811008653,463.7927468981671,0.0
2045-12-18 03:00:00,2727.9918801383646,483.4688028271804,0.0
2045-12-18 04:00:00,2679.295685620339,502.61307346081463,0.0
2045-12-18 05:00:00,2726.621443144425,621.5050716419173,0.0
2045-12-18 06:00:00,2868.141903385368,917.0257572166704,0.0
2045-12-18 07:00:00,2971.016040397184,1138.8106131207664,0.0
2045-12-18 08:00:00,2968.731978740615,1470.545877310811,0.0
2045-12-18 09:00:00,2978.96457496204,1971.8066967348043,0.0
2045-12-18 10:00:00,2879.5622116682075,2397.9946263169045,0.0
2045-12-18 11:00:00,2938.216915008869,2614.142558089987,0.0
2045-12-18 12:00:00,2855.807970439901,2940.3092705441377,0.0
2045-12-18 13:00:00,2899.8446791785304,2824.6687595976346,0.0
2045-12-18 14:00:00,2903.407815362776,2755.4986865344445,0.0
2045-12-18 15:00:00,2841.0072509053416,2644.30238127075,2945.618622016143
2045-12-18 16:00:00,2884.03897251508,2499.026235506072,7658.608417241972
2045-12-18 17:00:00,2940.318251732912,2283.1897779774267,12371.5982124678
2045-12-18 18:00:00,3045.202363002507,2159.169850162316,13844.407523475871
2045-12-18 19:00:00,3045.567812867557,2042.9215845925244,16495.4642832904
2045-12-18 20:00:00,3076.813776329406,1929.3322454996269,16200.902421088784
2045-12-18 21:00:00,2946.98771177009,1706.0431969028873,17673.711732096857
2045-12-18 22:00:00,2763.16642964951,1302.1142803987834,13844.407523475871
2045-12-18 23:00:00,2722.784219561391,1015.0261902221802,9720.541452653271
2045-12-19 00:00:00,2570.230358842676,303.3193020649987,4384.240977611436
2045-12-19 01:00:00,2632.5100228311844,251.56606291280715,2466.135549906433
2045-12-19 02:00:00,2592.1318904623677,219.98781529452071,0.0
2045-12-19 03:00:00,2688.210214357809,236.1789769784337,0.0
2045-12-19 04:00:00,2700.5579914438085,253.17421441188648,0.0
2045-12-19 05:00:00,2790.0568428773668,312.4199775938799,0.0
2045-12-19 06:00:00,2877.3024503171296,483.5419166550106,0.0
2045-12-19 07:00:00,2990.235039286161,605.6773681203205,0.0
2045-12-19 08:00:00,3005.917617482978,770.0267964364646,0.0
2045-12-19 09:00:00,2953.732486586673,995.9099489310196,0.0
2045-12-19 10:00:00,2892.534379715187,1154.038754857543,0.0
2045-12-19 11:00:00,2803.57630684014,1290.1505048057604,0.0
2045-12-19 12:00:00,2758.871946003237,1400.9155941946249,0.0
2045-12-19 13:00:00,2692.6265725856492,1331.8601068682467,0.0
2045-12-19 14:00:00,2725.5239348950627,1280.8524652292654,0.0
2045-12-19 15:00:00,2733.27509423372,1277.1573716711534,2192.120488805719
2045-12-19 16:00:00,2771.309852848988,1181.8780502404695,6850.376527517871
2045-12-19 17:00:00,2866.577008906663,1139.9418450122037,11508.632566230024
2045-12-19 18:00:00,2955.0844329829506,1027.155601580178,13426.737993935025
2045-12-19 19:00:00,3135.1636929670894,930.1328977289012,15344.843421640027
2045-12-19 20:00:00,3034.398621564553,886.72742681284,15344.843421640027
2045-12-19 21:00:00,2944.719510611492,755.5607427242911,15344.843421640027
2045-12-19 22:00:00,2791.3186595138923,628.8603339354584,13152.722932834316
2045-12-19 23:00:00,2819.2588850369566,455.8744010913038,9316.512077424304
2045-12-20 00:00:00,2838.0397169309276,820.5071085511643,3945.635282009468
2045-12-20 01:00:00,2815.0845529783305,683.6415423500147,1479.6132307535504
2045-12-20 02:00:00,2790.95721044092,601.2869036616434,0.0
2045-12-20 03:00:00,2839.3095770644763,608.8360788747439,0.0
2045-12-20 04:00:00,2862.557785663277,679.9159753617311,0.0
2045-12-20 05:00:00,2833.741728786612,784.4279335067353,0.0
2045-12-20 06:00:00,3004.977483718116,1183.1616424895992,0.0
2045-12-20 07:00:00,3031.1561387789507,1622.4648151501367,0.0
2045-12-20 08:00:00,3174.943378516072,1941.912576148136,0.0
2045-12-20 09:00:00,3094.5514639076137,2618.4657370967584,0.0
2045-12-20 10:00:00,3041.608064493537,3151.574764872816,0.0
2045-12-20 11:00:00,3002.047037256082,3387.883557290173,0.0
2045-12-20 12:00:00,2954.8668492173388,3743.792854155084,0.0
2045-12-20 13:00:00,3024.123067270069,3684.3700606919624,0.0
2045-12-20 14:00:00,2934.744450178041,3423.1195777004127,0.0
2045-12-20 15:00:00,3046.3944603815257,3377.6872686906586,1972.817641004734
2045-12-20 16:00:00,3041.4127013960688,3250.8709292342223,5425.248512763019
2045-12-20 17:00:00,3035.3564453745325,2954.8256113968346,8137.872769144524
2045-12-20 18:00:00,3048.4457729049486,2903.60886943159,10850.49702552603
2045-12-20 19:00:00,3173.087429090117,2529.689397415426,14796.1323075355
2045-12-20 20:00:00,3131.27972623177,2434.0305629294235,16029.143333163462
2045-12-20 21:00:00,3085.955487618981,2109.082688561878,15042.734512661094
2045-12-20 22:00:00,2957.894977228108,1613.954835819006,13316.519076781948
2045-12-20 23:00:00,2954.8668492173388,1321.595868475289,7398.066153767751
2045-12-21 00:00:00,2710.184381963294,871.7255108107971,5656.8964892826225
2045-12-21 01:00:00,2683.861113684307,732.6168858263115,3232.5122795900697
2045-12-21 02:00:00,2662.45028631654,660.547244423186,0.0
2045-12-21 03:00:00,2643.3566480578384,731.5232645607106,0.0
2045-12-21 04:00:00,2678.299859822549,792.0005205484626,0.0
2045-12-21 05:00:00,2702.8620643786458,1002.303889923593,0.0
2045-12-21 06:00:00,2841.6153482295026,1614.950522913442,0.0
2045-12-21 07:00:00,2887.2176298959166,2044.5905733175696,0.0
2045-12-21 08:00:00,2967.7631233270417,2423.563150486388,0.0
2045-12-21 09:00:00,2860.5236113594788,3091.372040113166,0.0
2045-12-21 10:00:00,2896.48638633218,3685.492728863728,0.0
2045-12-21 11:00:00,2907.979644313145,3832.180149218833,0.0
2045-12-21 12:00:00,2790.2664375726063,4141.58747768275,0.0
2045-12-21 13:00:00,2770.0605485415526,3917.351373383859,0.0
2045-12-21 14:00:00,2759.4014786398498,3765.7535935462056,0.0
2045-12-21 15:00:00,2868.4947418946663,3723.364833291501,1077.50409319669
2045-12-21 16:00:00,2767.187234046311,3626.5793512857863,4579.392396085931
2045-12-21 17:00:00,2849.3084160716007,3344.665661439084,8889.408768872694
2045-12-21 18:00:00,2963.406807801998,3001.4982445060505,12391.297071761936
2045-12-21 19:00:00,3065.455816165254,2681.3406190012697,14276.929234856136
2045-12-21 20:00:00,3086.681268404296,2505.3113400900847,15354.43332805282
2045-12-21 21:00:00,2899.7304510848717,2198.900533893913,15893.185374651168
2045-12-21 22:00:00,2880.358750133082,1663.94475561238,15623.809351352
2045-12-21 23:00:00,2738.083338836446,1316.2825552777265,10505.664908667728
2045-12-22 00:00:00,2830.6726590330213,709.1766708093047,3460.0253657875965
2045-12-22 01:00:00,2768.1427624530243,600.1282116742768,1730.0126828937985
2045-12-22 02:00:00,2784.770935588151,541.7158529667912,0.0
2045-12-22 03:00:00,2748.527492347516,576.5281720107262,0.0
2045-12-22 04:00:00,2806.5767434719396,640.9987784479356,0.0
2045-12-22 05:00:00,2858.7513705546116,789.6519018459331,0.0
2045-12-22 06:00:00,3120.2219253620524,1203.6924444489937,0.0
2045-12-22 07:00:00,3170.3055845654576,1641.6404601824863,0.0
2045-12-22 08:00:00,3190.5182740650425,2054.189046255093,0.0
2045-12-22 09:00:00,3189.622144973928,2580.27100321488,0.0
2045-12-22 10:00:00,3145.910959307338,3045.7071877518956,0.0
2045-12-22 11:00:00,3088.9569770720536,3273.506344550299,0.0
2045-12-22 12:00:00,3099.312246569378,3462.234324572381,0.0
2045-12-22 13:00:00,3104.7885910150785,3298.544087779562,0.0
2045-12-22 14:00:00,3115.74127990648,3110.964462177892,0.0
2045-12-22 15:00:00,3103.195472630875,3009.981610468108,1730.0126828937985
2045-12-22 16:00:00,3163.733971230617,2920.3647548721497,4973.786463319671
2045-12-22 17:00:00,3173.1931116368273,2784.334487937874,8650.063414468994
2045-12-22 18:00:00,3363.869468246213,2606.7826186530156,11028.830853447966
2045-12-22 19:00:00,3340.7692516752586,2310.33537713213,12975.09512170349
2045-12-22 20:00:00,3293.0752700481594,2087.8168422354556,12326.340365618316
2045-12-22 21:00:00,3206.8477375031316,1778.1770881210368,12326.340365618316
2045-12-22 22:00:00,3116.537839098581,1363.0153175799376,10380.076097362791
2045-12-22 23:00:00,3139.1402061744725,1043.827041670612,6703.79914621347
2045-12-23 00:00:00,2524.3439876129064,571.5769764917661,6054.559494895005
2045-12-23 01:00:00,2491.802909710997,466.9239378258788,2867.9492344239507
2045-12-23 02:00:00,2473.0358330374092,402.958057326033,0.0
2045-12-23 03:00:00,2526.151825274123,420.6363913882268,0.0
2045-12-23 04:00:00,2490.253334572811,451.60721327581047,0.0
2045-12-23 05:00:00,2609.484532705467,550.7273382275756,0.0
2045-12-23 06:00:00,2818.332826329889,792.4886777116978,0.0
2045-12-23 07:00:00,2906.744696714176,1034.5064205142796,0.0
2045-12-23 08:00:00,2960.72156402766,1412.5933559497612,0.0
2045-12-23 09:00:00,2885.567169825632,1766.085815180397,0.0
2045-12-23 10:00:00,2788.804811196675,2053.4936928060233,0.0
2045-12-23 11:00:00,2786.050010951011,2437.194511424613,0.0
2045-12-23 12:00:00,2684.380664384464,2604.0118599053817,0.0
2045-12-23 13:00:00,2739.304494282396,2481.5657804295697,0.0
2045-12-23 14:00:00,2751.3567453571764,2413.4097299096393,0.0
2045-12-23 15:00:00,2811.9623507617907,2355.0509851371517,1274.6441041884225
2045-12-23 16:00:00,2748.257595080804,2151.40602317873,7647.864625130532
2045-12-23 17:00:00,2761.9455088014483,2140.5696092459493,14021.08514607264
2045-12-23 18:00:00,2890.9906828092835,1930.1771915385968,16251.712328402387
2045-12-23 19:00:00,2887.9776200405877,1776.0045751313207,15614.39027630818
2045-12-23 20:00:00,2906.400346683469,1667.4582544983016,18482.339510732127
2045-12-23 21:00:00,2876.441894011869,1439.0568773970583,17207.695406543706
2045-12-23 22:00:00,2758.6741835097223,1239.3726719632573,16570.37335444949
2045-12-23 23:00:00,2724.669617977304,837.0893602121175,11153.135911648693
2045-12-24 00:00:00,2638.632642245936,152.17611049769013,2419.700564572104
2045-12-24 01:00:00,2700.481262744002,131.1543012522184,1209.850282286052
2045-12-24 02:00:00,2578.5977642844696,119.31188088072912,0.0
2045-12-24 03:00:00,2594.0145758455715,135.20937194160405,0.0
2045-12-24 04:00:00,2608.524516138373,149.39203211393286,0.0
2045-12-24 05:00:00,2748.5454399639066,197.73008868989268,0.0
2045-12-24 06:00:00,2931.7334361605244,313.9754484522802,0.0
2045-12-24 07:00:00,3014.7121572099823,411.61186690178585,0.0
2045-12-24 08:00:00,3062.9577086835466,524.506245363144,0.0
2045-12-24 09:00:00,3063.7738928250164,618.8905374687243,0.0
2045-12-24 10:00:00,3016.525899746582,695.7775021668213,0.0
2045-12-24 11:00:00,2985.9643380048688,745.5418945524311,0.0
2045-12-24 12:00:00,2952.8635367119164,769.2408574321391,0.0
2045-12-24 13:00:00,2937.446725150814,698.0511661802234,0.0
2045-12-24 14:00:00,2999.113971395221,671.0920071641733,0.0
2045-12-24 15:00:00,3020.6068204539324,658.2126184671398,1747.5615188576307
2045-12-24 16:00:00,2939.8045904483947,642.7307217157243,4301.689892572629
2045-12-24 17:00:00,2949.6894872728662,646.4529134679216,6049.251411430261
2045-12-24 18:00:00,3058.241978088386,561.4558073910532,6318.1070297160495
2045-12-24 19:00:00,3132.6961092158226,487.6151893302558,7259.101693716313
2045-12-24 20:00:00,3130.610305298733,413.00390609366457,6452.534838858943
2045-12-24 21:00:00,3023.236747132003,346.4967118915323,6990.246075430523
2045-12-24 22:00:00,2907.7920346774017,285.58995362658095,6586.9626480018405
2045-12-24 23:00:00,2804.227335837532,207.9585505780444,4301.689892572629
2045-12-25 00:00:00,2609.743316535965,731.0094461979695,3263.06008674516
2045-12-25 01:00:00,2566.7870990227507,599.1051776115028,1087.6866955817195
2045-12-25 02:00:00,2501.346669898752,529.0119641656867,0.0
2045-12-25 03:00:00,2537.4788854444896,548.104518574435,0.0
2045-12-25 04:00:00,2591.545977956029,569.9868526228179,0.0
2045-12-25 05:00:00,2657.161381489451,708.8655703083715,0.0
2045-12-25 06:00:00,2731.612992698707,1011.55666120871,0.0
2045-12-25 07:00:00,2851.820411971936,1288.9740921862372,0.0
2045-12-25 08:00:00,2968.703317466138,1721.3550640840856,0.0
2045-12-25 09:00:00,2910.611813537882,2252.4332087953753,0.0
2045-12-25 10:00:00,2844.383999571481,2758.246411645227,0.0
2045-12-25 11:00:00,2869.667801733027,3051.6614852437806,0.0
2045-12-25 12:00:00,2880.3412407077967,3386.888381191358,0.0
2045-12-25 13:00:00,2812.801118670728,3245.821430100966,0.0
2045-12-25 14:00:00,2757.9466413167866,3185.1873132457854,0.0
2045-12-25 15:00:00,2771.769619661161,3000.85262355694,2175.373391163439
2045-12-25 16:00:00,2779.643468085172,2845.4706156906736,5655.970817024943
2045-12-25 17:00:00,2771.944594070584,2630.6837376229414,8483.956225537417
2045-12-25 18:00:00,2856.194772207497,2490.357821749327,9571.64292111914
2045-12-25 19:00:00,2963.8915212070197,2384.084653602001,12399.628329631612
2045-12-25 20:00:00,2880.953651140775,2207.029545160324,13269.77768609699
2045-12-25 21:00:00,2892.7644237767913,1962.5925403601009,13487.315025213333
2045-12-25 22:00:00,2754.097204309493,1491.3987592258393,10659.32961670086
2045-12-25 23:00:00,2666.872461212397,1132.737714305333,6743.657512606665
2045-12-26 00:00:00,2615.607044632355,614.6176728502373,2892.1898120397273
2045-12-26 01:00:00,2584.565724891147,519.2588096686248,1542.5012330878549
2045-12-26 02:00:00,2548.748817497446,455.7110672515034,0.0
2045-12-26 03:00:00,2608.8858471955123,450.7196267568411,0.0
2045-12-26 04:00:00,2625.5119671708603,505.9234686455711,0.0
2045-12-26 05:00:00,2679.1931098572213,606.6462678811494,0.0
2045-12-26 06:00:00,2748.173820393239,852.3443387975233,0.0
2045-12-26 07:00:00,2817.862025396292,1230.5167304244774,0.0
2045-12-26 08:00:00,2849.610839604536,1635.7248497456565,0.0
2045-12-26 09:00:00,2879.148733603291,2072.483342939813,0.0
2045-12-26 10:00:00,2867.121327663678,2392.680525716821,0.0
2045-12-26 11:00:00,2876.318755735147,2640.6359197225725,0.0
2045-12-26 12:00:00,2854.0326800235107,2892.3609687884714,0.0
2045-12-26 13:00:00,2777.7117143919945,2764.684390881715,0.0
2045-12-26 14:00:00,2778.153898433892,2582.250965757393,0.0
2045-12-26 15:00:00,2836.3453183476095,2468.5876707916223,1542.5012330878549
2045-12-26 16:00:00,2666.90039349247,2406.745958036109,4627.503699263563
2045-12-26 17:00:00,2694.138930473359,2303.3188410399907,8290.94412784722
2045-12-26 18:00:00,2844.039320676626,2299.9961806510064,9833.445360935078
2045-12-26 19:00:00,3017.198591483705,1988.3440460044137,11183.13393988696
2045-12-26 20:00:00,2849.168655562638,1745.1863948024877,10797.50863161499
2045-12-26 21:00:00,2750.650051027865,1493.349597068797,11183.13393988696
2045-12-26 22:00:00,2650.893331175779,1186.994349275495,8676.569436119187
2045-12-26 23:00:00,2584.6541616995264,971.840914221981,6362.817586487403
2045-12-27 00:00:00,2881.092566388148,415.9633643003509,2227.7874794304325
2045-12-27 01:00:00,2849.1547265972367,348.5358795430574,928.2447830960136
2045-12-27 02:00:00,2846.360165615533,317.28377549681966,0.0
2045-12-27 03:00:00,2807.535729119707,345.48558856594167,0.0
2045-12-27 04:00:00,2912.1321544349385,370.2089996436159,0.0
2045-12-27 05:00:00,3034.394197384517,457.4366188137654,0.0
2045-12-27 06:00:00,3029.603521415881,708.5237287194957,0.0
2045-12-27 07:00:00,3155.35876559259,908.0074072351808,0.0
2045-12-27 08:00:00,3243.5870480149792,1139.7064395793502,0.0
2045-12-27 09:00:00,3133.800723733725,1492.5394834287645,0.0
2045-12-27 10:00:00,3209.5532874877904,1800.8596845630077,0.0
2045-12-27 11:00:00,3145.078773409891,1942.8105941401489,0.0
2045-12-27 12:00:00,3102.461718438895,2058.9624637161055,0.0
2045-12-27 13:00:00,3074.6159143711952,1977.9424542537708,0.0
2045-12-27 14:00:00,3009.342954298522,1889.2110951457807,0.0
2045-12-27 15:00:00,3068.727375159745,1824.6787111229064,2227.7874794304325
2045-12-27 16:00:00,2991.6773366641746,1709.2867385973884,6126.41556843369
2045-12-27 17:00:00,3049.3650597865058,1616.2368096323237,9282.447830960138
2045-12-27 18:00:00,3178.713310939693,1484.8174310077509,10210.692614056152
2045-12-27 19:00:00,3224.424344140433,1402.935848129072,11510.235310390572
2045-12-27 20:00:00,3100.7650207000024,1323.4837952567289,10396.341570675357
2045-12-27 21:00:00,3063.0384474469897,1109.7707769021845,9282.447830960142
2045-12-27 22:00:00,3010.1414002932947,831.6591592167442,7425.958264768113
2045-12-27 23:00:00,2789.87011148536,596.0910735805492,4455.574958860865
2045-12-28 00:00:00,2638.65334208247,1299.3895736608815,1929.268558269894
2045-12-28 01:00:00,2668.429893627098,1090.2555321830007,964.6342791349472
2045-12-28 02:00:00,2693.040166512563,966.6034263705424,0.0
2045-12-28 03:00:00,2762.7379622416292,1087.3687125920487,0.0
2045-12-28 04:00:00,2735.7793808747265,1187.6055039445598,0.0
2045-12-28 05:00:00,2823.5121857412328,1540.9201461038936,0.0
2045-12-28 06:00:00,2883.347085848261,2487.3158353377694,0.0
2045-12-28 07:00:00,3004.8016005082104,3151.428682236355,0.0
2045-12-28 08:00:00,3089.0589088221886,3817.113242023349,0.0
2045-12-28 09:00:00,2960.6534010571845,4602.199867669457,0.0
2045-12-28 10:00:00,3012.4101199880683,5288.509149645144,0.0
2045-12-28 11:00:00,2998.695998456473,5658.423004452454,0.0
2045-12-28 12:00:00,2956.426445790597,6036.035044835634,0.0
2045-12-28 13:00:00,2851.9736845362554,5568.097627028877,0.0
2045-12-28 14:00:00,2848.028526287441,5423.70853382141,0.0
2045-12-28 15:00:00,2824.73330615158,5450.620107563732,1929.268558269894
2045-12-28 16:00:00,2776.358151433967,5317.393383441281,4685.366498655458
2045-12-28 17:00:00,2878.2747395283563,5108.3074556232505,6752.43995394463
2045-12-28 18:00:00,3011.0950672384633,4374.3656503968505,7303.659542021742
2045-12-28 19:00:00,3046.131829781511,3763.675003817496,8406.098718175968
2045-12-28 20:00:00,2970.892026036252,3417.9943956875713,6890.244850963907
2045-12-28 21:00:00,2854.8855870532384,3048.4173364992052,6752.43995394463
2045-12-28 22:00:00,2680.9228947483457,2526.44827868179,5787.805674809682
2045-12-28 23:00:00,2620.806197623545,1919.7350279833056,3582.927322501232
2045-12-29 00:00:00,2589.7043480340776,1128.4980246728865,2302.5491515670624
2045-12-29 01:00:00,2634.897938940198,952.8958371916372,921.0196606268248
2045-12-29 02:00:00,2609.046461014475,864.6593661266786,0.0
2045-12-29 03:00:00,2618.066581010141,937.6576308399582,0.0
2045-12-29 04:00:00,2632.015220178697,1051.4362382658258,0.0
2045-12-29 05:00:00,2762.481491868589,1308.453985397472,0.0
2045-12-29 06:00:00,2725.750075391392,2018.119024061361,0.0
2045-12-29 07:00:00,2824.9713953437195,2770.407502777517,0.0
2045-12-29 08:00:00,2993.0060018609224,3410.2525311957643,0.0
2045-12-29 09:00:00,3048.2426129684027,4161.902456502898,0.0
2045-12-29 10:00:00,3035.7818286444926,4940.777977158364,0.0
2045-12-29 11:00:00,2983.706909081885,5303.418263173358,0.0
2045-12-29 12:00:00,2997.9345210338115,5510.715919866102,0.0
2045-12-29 13:00:00,2951.6250389942065,5225.253520877987,0.0
2045-12-29 14:00:00,2907.3613573659886,4958.846136118213,0.0
2045-12-29 15:00:00,2957.0185128060475,4803.24228040136,2072.2942364103565
2045-12-29 16:00:00,2946.882501676897,4716.689268323823,5986.627794074362
2045-12-29 17:00:00,3006.861650101687,4513.353545282518,9900.961351738368
2045-12-29 18:00:00,3143.651304881325,4111.253561105413,12433.765418462135
2045-12-29 19:00:00,3187.0780681594288,3609.6843708955425,15427.079315499315
2045-12-29 20:00:00,3052.9851502857123,3242.8644625669444,14966.569485185904
2045-12-29 21:00:00,2955.7166398169825,2813.72754654872,12894.275248775552
2045-12-29 22:00:00,2844.6854720352776,2159.036151370695,9440.451521424951
2045-12-29 23:00:00,2768.8978658861247,1617.2816341248256,5526.117963760949
2045-12-30 00:00:00,2497.1625590053563,538.4168119202186,3394.433399322099
2045-12-30 01:00:00,2527.443290498107,446.9313078971921,2262.955599548066
2045-12-30 02:00:00,2501.6743012335023,392.57129523761773,0.0
2045-12-30 03:00:00,2440.4187240590545,423.6063918573272,0.0
2045-12-30 04:00:00,2441.459895342473,459.69522028567377,0.0
2045-12-30 05:00:00,2540.891752908928,587.3343441704909,0.0
2045-12-30 06:00:00,2591.2150316074826,895.6119844973741,0.0
2045-12-30 07:00:00,2729.864340849363,1164.1076846895985,0.0
2045-12-30 08:00:00,2927.773648972473,1471.1607669243897,0.0
2045-12-30 09:00:00,2940.961818562439,1782.8334783637415,0.0
2045-12-30 10:00:00,2795.3713674311025,2080.2520744453996,0.0
2045-12-30 11:00:00,2810.2080582198146,2282.006119046888,0.0
2045-12-30 12:00:00,2817.0624358356517,2465.022481096352,0.0
2045-12-30 13:00:00,2678.933712235481,2299.052745186022,0.0
2045-12-30 14:00:00,2588.5253391253186,2248.528385386336,0.0
2045-12-30 15:00:00,2695.7659813174114,2199.70804028623,4243.041749152623
2045-12-30 16:00:00,2830.5108982464726,2142.4388922650164,10466.169647909805
2045-12-30 17:00:00,2813.2448077964514,2047.5259214128,14992.080847005938
2045-12-30 18:00:00,2889.3370757596113,1823.5937691434056,14709.211397062423
2045-12-30 19:00:00,2906.689930483251,1605.6159496075222,16689.29754666699
2045-12-30 20:00:00,2879.879769935227,1444.7712160826195,13577.733597288394
2045-12-30 21:00:00,2890.8120684111204,1305.5992170447578,13577.733597288394
2045-12-30 22:00:00,2734.4628473511275,1067.827614591711,10749.039097853312
2045-12-30 23:00:00,2636.7662752570373,814.2339440916226,8203.214048361737
2045-12-31 00:00:00,2682.4339504924124,347.5722597822973,3556.722233022827
2045-12-31 01:00:00,2714.771912523665,292.723953893461,1123.1754420072086
2045-12-31 02:00:00,2676.441916351327,256.8714731330517,0.0
2045-12-31 03:00:00,2607.961526167498,265.9843351879052,0.0
2045-12-31 04:00:00,2658.275590622006,283.65387522853655,0.0
2045-12-31 05:00:00,2681.1974990029817,369.691272375533,0.0
2045-12-31 06:00:00,2837.8463915484917,513.7429462661036,0.0
2045-12-31 07:00:00,3028.5452558798493,687.6488696490532,0.0
2045-12-31 08:00:00,3058.0298683201095,1006.6033199079164,0.0
2045-12-31 09:00:00,3046.6164699561373,1212.5154972966675,0.0
2045-12-31 10:00:00,3002.2944396427147,1358.0560331567638,0.0
2045-12-31 11:00:00,2899.478742713937,1559.1336874835513,0.0
2045-12-31 12:00:00,2896.910728082045,1682.0033050203283,0.0
2045-12-31 13:00:00,2827.479221367884,1542.5080621571851,0.0
2045-12-31 14:00:00,2846.786886933602,1505.1367710542995,0.0
2045-12-31 15:00:00,2878.3639557405904,1412.583463621134,748.7836280048059
2045-12-31 16:00:00,2920.11797142212,1339.090156401288,3369.5263260216266
2045-12-31 17:00:00,2957.972409329292,1361.9749916742503,6551.8567450420505
2045-12-31 18:00:00,3038.0564211831593,1273.665796522029,8985.403536057667
2045-12-31 19:00:00,3123.3715739538457,1163.26325881053,10295.774885066076
2045-12-31 20:00:00,2959.589307430855,973.2451107803608,11980.53804807689
2045-12-31 21:00:00,2838.41706146669,825.8734458313086,11793.342141075687
2045-12-31 22:00:00,2855.0616007474823,699.3372917776254,10295.774885066076
2045-12-31 23:00:00,2836.134381793896,510.5341920214366,5990.269024038445
